#  E (eV)   dos(E)     Int dos(E) EFermi =   -6.087 eV
 -15.000  0.1893E+01  0.3787E-01
 -14.980  0.1899E+01  0.7585E-01
 -14.960  0.1913E+01  0.1141E+00
 -14.940  0.1936E+01  0.1528E+00
 -14.920  0.1970E+01  0.1922E+00
 -14.900  0.2014E+01  0.2325E+00
 -14.880  0.2066E+01  0.2738E+00
 -14.860  0.2122E+01  0.3163E+00
 -14.840  0.2180E+01  0.3599E+00
 -14.820  0.2235E+01  0.4045E+00
 -14.800  0.2283E+01  0.4502E+00
 -14.780  0.2324E+01  0.4967E+00
 -14.760  0.2357E+01  0.5438E+00
 -14.740  0.2384E+01  0.5915E+00
 -14.720  0.2409E+01  0.6397E+00
 -14.700  0.2435E+01  0.6884E+00
 -14.680  0.2467E+01  0.7377E+00
 -14.660  0.2507E+01  0.7879E+00
 -14.640  0.2557E+01  0.8390E+00
 -14.620  0.2616E+01  0.8913E+00
 -14.600  0.2680E+01  0.9450E+00
 -14.580  0.2744E+01  0.9998E+00
 -14.560  0.2797E+01  0.1056E+01
 -14.540  0.2832E+01  0.1112E+01
 -14.520  0.2837E+01  0.1169E+01
 -14.500  0.2806E+01  0.1225E+01
 -14.480  0.2734E+01  0.1280E+01
 -14.460  0.2621E+01  0.1332E+01
 -14.440  0.2472E+01  0.1382E+01
 -14.420  0.2297E+01  0.1428E+01
 -14.400  0.2108E+01  0.1470E+01
 -14.380  0.1919E+01  0.1508E+01
 -14.360  0.1745E+01  0.1543E+01
 -14.340  0.1596E+01  0.1575E+01
 -14.320  0.1482E+01  0.1605E+01
 -14.300  0.1407E+01  0.1633E+01
 -14.280  0.1371E+01  0.1660E+01
 -14.260  0.1372E+01  0.1688E+01
 -14.240  0.1404E+01  0.1716E+01
 -14.220  0.1460E+01  0.1745E+01
 -14.200  0.1534E+01  0.1776E+01
 -14.180  0.1619E+01  0.1808E+01
 -14.160  0.1708E+01  0.1842E+01
 -14.140  0.1798E+01  0.1878E+01
 -14.120  0.1884E+01  0.1916E+01
 -14.100  0.1966E+01  0.1955E+01
 -14.080  0.2044E+01  0.1996E+01
 -14.060  0.2121E+01  0.2039E+01
 -14.040  0.2200E+01  0.2083E+01
 -14.020  0.2283E+01  0.2128E+01
 -14.000  0.2373E+01  0.2176E+01
 -13.980  0.2470E+01  0.2225E+01
 -13.960  0.2568E+01  0.2276E+01
 -13.940  0.2662E+01  0.2330E+01
 -13.920  0.2744E+01  0.2385E+01
 -13.900  0.2808E+01  0.2441E+01
 -13.880  0.2849E+01  0.2498E+01
 -13.860  0.2863E+01  0.2555E+01
 -13.840  0.2853E+01  0.2612E+01
 -13.820  0.2821E+01  0.2668E+01
 -13.800  0.2774E+01  0.2724E+01
 -13.780  0.2718E+01  0.2778E+01
 -13.760  0.2658E+01  0.2831E+01
 -13.740  0.2602E+01  0.2883E+01
 -13.720  0.2554E+01  0.2934E+01
 -13.700  0.2519E+01  0.2985E+01
 -13.680  0.2503E+01  0.3035E+01
 -13.660  0.2505E+01  0.3085E+01
 -13.640  0.2527E+01  0.3136E+01
 -13.620  0.2563E+01  0.3187E+01
 -13.600  0.2608E+01  0.3239E+01
 -13.580  0.2655E+01  0.3292E+01
 -13.560  0.2694E+01  0.3346E+01
 -13.540  0.2721E+01  0.3400E+01
 -13.520  0.2732E+01  0.3455E+01
 -13.500  0.2727E+01  0.3510E+01
 -13.480  0.2709E+01  0.3564E+01
 -13.460  0.2684E+01  0.3617E+01
 -13.440  0.2659E+01  0.3671E+01
 -13.420  0.2642E+01  0.3723E+01
 -13.400  0.2640E+01  0.3776E+01
 -13.380  0.2656E+01  0.3829E+01
 -13.360  0.2694E+01  0.3883E+01
 -13.340  0.2752E+01  0.3938E+01
 -13.320  0.2823E+01  0.3995E+01
 -13.300  0.2900E+01  0.4053E+01
 -13.280  0.2973E+01  0.4112E+01
 -13.260  0.3030E+01  0.4173E+01
 -13.240  0.3062E+01  0.4234E+01
 -13.220  0.3061E+01  0.4295E+01
 -13.200  0.3025E+01  0.4356E+01
 -13.180  0.2954E+01  0.4415E+01
 -13.160  0.2852E+01  0.4472E+01
 -13.140  0.2726E+01  0.4526E+01
 -13.120  0.2582E+01  0.4578E+01
 -13.100  0.2428E+01  0.4627E+01
 -13.080  0.2271E+01  0.4672E+01
 -13.060  0.2114E+01  0.4714E+01
 -13.040  0.1961E+01  0.4754E+01
 -13.020  0.1817E+01  0.4790E+01
 -13.000  0.1687E+01  0.4824E+01
 -12.980  0.1579E+01  0.4855E+01
 -12.960  0.1501E+01  0.4885E+01
 -12.940  0.1464E+01  0.4915E+01
 -12.920  0.1476E+01  0.4944E+01
 -12.900  0.1543E+01  0.4975E+01
 -12.880  0.1666E+01  0.5008E+01
 -12.860  0.1842E+01  0.5045E+01
 -12.840  0.2061E+01  0.5086E+01
 -12.820  0.2307E+01  0.5132E+01
 -12.800  0.2566E+01  0.5184E+01
 -12.780  0.2821E+01  0.5240E+01
 -12.760  0.3059E+01  0.5301E+01
 -12.740  0.3272E+01  0.5367E+01
 -12.720  0.3457E+01  0.5436E+01
 -12.700  0.3615E+01  0.5508E+01
 -12.680  0.3753E+01  0.5583E+01
 -12.660  0.3877E+01  0.5661E+01
 -12.640  0.3995E+01  0.5741E+01
 -12.620  0.4114E+01  0.5823E+01
 -12.600  0.4236E+01  0.5908E+01
 -12.580  0.4362E+01  0.5995E+01
 -12.560  0.4489E+01  0.6085E+01
 -12.540  0.4610E+01  0.6177E+01
 -12.520  0.4719E+01  0.6271E+01
 -12.500  0.4806E+01  0.6368E+01
 -12.480  0.4861E+01  0.6465E+01
 -12.460  0.4878E+01  0.6562E+01
 -12.440  0.4851E+01  0.6659E+01
 -12.420  0.4777E+01  0.6755E+01
 -12.400  0.4657E+01  0.6848E+01
 -12.380  0.4497E+01  0.6938E+01
 -12.360  0.4303E+01  0.7024E+01
 -12.340  0.4085E+01  0.7106E+01
 -12.320  0.3855E+01  0.7183E+01
 -12.300  0.3626E+01  0.7255E+01
 -12.280  0.3409E+01  0.7323E+01
 -12.260  0.3217E+01  0.7388E+01
 -12.240  0.3058E+01  0.7449E+01
 -12.220  0.2942E+01  0.7508E+01
 -12.200  0.2874E+01  0.7565E+01
 -12.180  0.2859E+01  0.7622E+01
 -12.160  0.2897E+01  0.7680E+01
 -12.140  0.2985E+01  0.7740E+01
 -12.120  0.3119E+01  0.7802E+01
 -12.100  0.3288E+01  0.7868E+01
 -12.080  0.3481E+01  0.7938E+01
 -12.060  0.3684E+01  0.8012E+01
 -12.040  0.3882E+01  0.8089E+01
 -12.020  0.4062E+01  0.8170E+01
 -12.000  0.4211E+01  0.8255E+01
 -11.980  0.4321E+01  0.8341E+01
 -11.960  0.4384E+01  0.8429E+01
 -11.940  0.4402E+01  0.8517E+01
 -11.920  0.4375E+01  0.8604E+01
 -11.900  0.4310E+01  0.8690E+01
 -11.880  0.4212E+01  0.8775E+01
 -11.860  0.4091E+01  0.8857E+01
 -11.840  0.3954E+01  0.8936E+01
 -11.820  0.3807E+01  0.9012E+01
 -11.800  0.3658E+01  0.9085E+01
 -11.780  0.3513E+01  0.9155E+01
 -11.760  0.3374E+01  0.9223E+01
 -11.740  0.3247E+01  0.9288E+01
 -11.720  0.3133E+01  0.9350E+01
 -11.700  0.3032E+01  0.9411E+01
 -11.680  0.2943E+01  0.9470E+01
 -11.660  0.2862E+01  0.9527E+01
 -11.640  0.2787E+01  0.9583E+01
 -11.620  0.2715E+01  0.9637E+01
 -11.600  0.2643E+01  0.9690E+01
 -11.580  0.2571E+01  0.9741E+01
 -11.560  0.2500E+01  0.9791E+01
 -11.540  0.2431E+01  0.9840E+01
 -11.520  0.2366E+01  0.9887E+01
 -11.500  0.2306E+01  0.9933E+01
 -11.480  0.2252E+01  0.9978E+01
 -11.460  0.2204E+01  0.1002E+02
 -11.440  0.2160E+01  0.1007E+02
 -11.420  0.2118E+01  0.1011E+02
 -11.400  0.2077E+01  0.1015E+02
 -11.380  0.2035E+01  0.1019E+02
 -11.360  0.1995E+01  0.1023E+02
 -11.340  0.1959E+01  0.1027E+02
 -11.320  0.1931E+01  0.1031E+02
 -11.300  0.1915E+01  0.1035E+02
 -11.280  0.1916E+01  0.1038E+02
 -11.260  0.1938E+01  0.1042E+02
 -11.240  0.1981E+01  0.1046E+02
 -11.220  0.2045E+01  0.1050E+02
 -11.200  0.2128E+01  0.1055E+02
 -11.180  0.2225E+01  0.1059E+02
 -11.160  0.2332E+01  0.1064E+02
 -11.140  0.2446E+01  0.1069E+02
 -11.120  0.2563E+01  0.1074E+02
 -11.100  0.2684E+01  0.1079E+02
 -11.080  0.2807E+01  0.1085E+02
 -11.060  0.2936E+01  0.1091E+02
 -11.040  0.3072E+01  0.1097E+02
 -11.020  0.3218E+01  0.1103E+02
 -11.000  0.3377E+01  0.1110E+02
 -10.980  0.3548E+01  0.1117E+02
 -10.960  0.3730E+01  0.1125E+02
 -10.940  0.3921E+01  0.1132E+02
 -10.920  0.4113E+01  0.1141E+02
 -10.900  0.4299E+01  0.1149E+02
 -10.880  0.4467E+01  0.1158E+02
 -10.860  0.4607E+01  0.1167E+02
 -10.840  0.4707E+01  0.1177E+02
 -10.820  0.4759E+01  0.1186E+02
 -10.800  0.4756E+01  0.1196E+02
 -10.780  0.4700E+01  0.1205E+02
 -10.760  0.4593E+01  0.1214E+02
 -10.740  0.4444E+01  0.1223E+02
 -10.720  0.4262E+01  0.1232E+02
 -10.700  0.4058E+01  0.1240E+02
 -10.680  0.3840E+01  0.1248E+02
 -10.660  0.3616E+01  0.1255E+02
 -10.640  0.3387E+01  0.1262E+02
 -10.620  0.3154E+01  0.1268E+02
 -10.600  0.2915E+01  0.1274E+02
 -10.580  0.2669E+01  0.1279E+02
 -10.560  0.2414E+01  0.1284E+02
 -10.540  0.2151E+01  0.1288E+02
 -10.520  0.1882E+01  0.1292E+02
 -10.500  0.1613E+01  0.1295E+02
 -10.480  0.1350E+01  0.1298E+02
 -10.460  0.1101E+01  0.1300E+02
 -10.440  0.8740E+00  0.1302E+02
 -10.420  0.6736E+00  0.1303E+02
 -10.400  0.5042E+00  0.1304E+02
 -10.380  0.3676E+00  0.1305E+02
 -10.360  0.2642E+00  0.1305E+02
 -10.340  0.1936E+00  0.1306E+02
 -10.320  0.1561E+00  0.1306E+02
 -10.300  0.1542E+00  0.1306E+02
 -10.280  0.1941E+00  0.1307E+02
 -10.260  0.2863E+00  0.1307E+02
 -10.240  0.4462E+00  0.1308E+02
 -10.220  0.6934E+00  0.1310E+02
 -10.200  0.1049E+01  0.1312E+02
 -10.180  0.1531E+01  0.1315E+02
 -10.160  0.2151E+01  0.1319E+02
 -10.140  0.2906E+01  0.1325E+02
 -10.120  0.3775E+01  0.1333E+02
 -10.100  0.4715E+01  0.1342E+02
 -10.080  0.5665E+01  0.1353E+02
 -10.060  0.6549E+01  0.1366E+02
 -10.040  0.7290E+01  0.1381E+02
 -10.020  0.7819E+01  0.1397E+02
 -10.000  0.8088E+01  0.1413E+02
  -9.980  0.8081E+01  0.1429E+02
  -9.960  0.7816E+01  0.1445E+02
  -9.940  0.7340E+01  0.1459E+02
  -9.920  0.6726E+01  0.1473E+02
  -9.900  0.6053E+01  0.1485E+02
  -9.880  0.5398E+01  0.1496E+02
  -9.860  0.4825E+01  0.1505E+02
  -9.840  0.4376E+01  0.1514E+02
  -9.820  0.4070E+01  0.1522E+02
  -9.800  0.3905E+01  0.1530E+02
  -9.780  0.3867E+01  0.1538E+02
  -9.760  0.3928E+01  0.1546E+02
  -9.740  0.4064E+01  0.1554E+02
  -9.720  0.4249E+01  0.1562E+02
  -9.700  0.4463E+01  0.1571E+02
  -9.680  0.4694E+01  0.1580E+02
  -9.660  0.4932E+01  0.1590E+02
  -9.640  0.5173E+01  0.1601E+02
  -9.620  0.5413E+01  0.1612E+02
  -9.600  0.5647E+01  0.1623E+02
  -9.580  0.5868E+01  0.1635E+02
  -9.560  0.6068E+01  0.1647E+02
  -9.540  0.6238E+01  0.1659E+02
  -9.520  0.6372E+01  0.1672E+02
  -9.500  0.6467E+01  0.1685E+02
  -9.480  0.6529E+01  0.1698E+02
  -9.460  0.6576E+01  0.1711E+02
  -9.440  0.6632E+01  0.1724E+02
  -9.420  0.6732E+01  0.1738E+02
  -9.400  0.6910E+01  0.1752E+02
  -9.380  0.7197E+01  0.1766E+02
  -9.360  0.7608E+01  0.1781E+02
  -9.340  0.8139E+01  0.1797E+02
  -9.320  0.8760E+01  0.1815E+02
  -9.300  0.9417E+01  0.1834E+02
  -9.280  0.1004E+02  0.1854E+02
  -9.260  0.1055E+02  0.1875E+02
  -9.240  0.1087E+02  0.1897E+02
  -9.220  0.1095E+02  0.1919E+02
  -9.200  0.1076E+02  0.1940E+02
  -9.180  0.1031E+02  0.1961E+02
  -9.160  0.9642E+01  0.1980E+02
  -9.140  0.8804E+01  0.1998E+02
  -9.120  0.7868E+01  0.2013E+02
  -9.100  0.6903E+01  0.2027E+02
  -9.080  0.5968E+01  0.2039E+02
  -9.060  0.5105E+01  0.2049E+02
  -9.040  0.4341E+01  0.2058E+02
  -9.020  0.3686E+01  0.2065E+02
  -9.000  0.3137E+01  0.2072E+02
  -8.980  0.2682E+01  0.2077E+02
  -8.960  0.2308E+01  0.2082E+02
  -8.940  0.1997E+01  0.2086E+02
  -8.920  0.1736E+01  0.2089E+02
  -8.900  0.1514E+01  0.2092E+02
  -8.880  0.1322E+01  0.2095E+02
  -8.860  0.1157E+01  0.2097E+02
  -8.840  0.1016E+01  0.2099E+02
  -8.820  0.8982E+00  0.2101E+02
  -8.800  0.8056E+00  0.2103E+02
  -8.780  0.7406E+00  0.2104E+02
  -8.760  0.7061E+00  0.2105E+02
  -8.740  0.7049E+00  0.2107E+02
  -8.720  0.7398E+00  0.2108E+02
  -8.700  0.8130E+00  0.2110E+02
  -8.680  0.9266E+00  0.2112E+02
  -8.660  0.1083E+01  0.2114E+02
  -8.640  0.1283E+01  0.2117E+02
  -8.620  0.1531E+01  0.2120E+02
  -8.600  0.1829E+01  0.2123E+02
  -8.580  0.2182E+01  0.2128E+02
  -8.560  0.2592E+01  0.2133E+02
  -8.540  0.3060E+01  0.2139E+02
  -8.520  0.3585E+01  0.2146E+02
  -8.500  0.4156E+01  0.2154E+02
  -8.480  0.4760E+01  0.2164E+02
  -8.460  0.5373E+01  0.2175E+02
  -8.440  0.5966E+01  0.2187E+02
  -8.420  0.6505E+01  0.2200E+02
  -8.400  0.6956E+01  0.2214E+02
  -8.380  0.7293E+01  0.2228E+02
  -8.360  0.7498E+01  0.2243E+02
  -8.340  0.7568E+01  0.2258E+02
  -8.320  0.7517E+01  0.2273E+02
  -8.300  0.7371E+01  0.2288E+02
  -8.280  0.7169E+01  0.2302E+02
  -8.260  0.6951E+01  0.2316E+02
  -8.240  0.6754E+01  0.2330E+02
  -8.220  0.6605E+01  0.2343E+02
  -8.200  0.6516E+01  0.2356E+02
  -8.180  0.6482E+01  0.2369E+02
  -8.160  0.6484E+01  0.2382E+02
  -8.140  0.6490E+01  0.2395E+02
  -8.120  0.6465E+01  0.2408E+02
  -8.100  0.6373E+01  0.2421E+02
  -8.080  0.6185E+01  0.2433E+02
  -8.060  0.5887E+01  0.2445E+02
  -8.040  0.5476E+01  0.2456E+02
  -8.020  0.4965E+01  0.2466E+02
  -8.000  0.4379E+01  0.2474E+02
  -7.980  0.3750E+01  0.2482E+02
  -7.960  0.3115E+01  0.2488E+02
  -7.940  0.2506E+01  0.2493E+02
  -7.920  0.1951E+01  0.2497E+02
  -7.900  0.1469E+01  0.2500E+02
  -7.880  0.1069E+01  0.2502E+02
  -7.860  0.7504E+00  0.2504E+02
  -7.840  0.5085E+00  0.2505E+02
  -7.820  0.3322E+00  0.2505E+02
  -7.800  0.2092E+00  0.2506E+02
  -7.780  0.1269E+00  0.2506E+02
  -7.760  0.7411E-01  0.2506E+02
  -7.740  0.4165E-01  0.2506E+02
  -7.720  0.2252E-01  0.2506E+02
  -7.700  0.1172E-01  0.2506E+02
  -7.680  0.5886E-02  0.2506E+02
  -7.660  0.2903E-02  0.2506E+02
  -7.640  0.1531E-02  0.2506E+02
  -7.620  0.1145E-02  0.2506E+02
  -7.600  0.1576E-02  0.2506E+02
  -7.580  0.3088E-02  0.2506E+02
  -7.560  0.6479E-02  0.2506E+02
  -7.540  0.1335E-01  0.2506E+02
  -7.520  0.2652E-01  0.2506E+02
  -7.500  0.5065E-01  0.2506E+02
  -7.480  0.9300E-01  0.2507E+02
  -7.460  0.1641E+00  0.2507E+02
  -7.440  0.2784E+00  0.2508E+02
  -7.420  0.4541E+00  0.2508E+02
  -7.400  0.7123E+00  0.2510E+02
  -7.380  0.1075E+01  0.2512E+02
  -7.360  0.1561E+01  0.2515E+02
  -7.340  0.2181E+01  0.2520E+02
  -7.320  0.2935E+01  0.2525E+02
  -7.300  0.3805E+01  0.2533E+02
  -7.280  0.4753E+01  0.2543E+02
  -7.260  0.5725E+01  0.2554E+02
  -7.240  0.6657E+01  0.2567E+02
  -7.220  0.7478E+01  0.2582E+02
  -7.200  0.8127E+01  0.2598E+02
  -7.180  0.8562E+01  0.2616E+02
  -7.160  0.8765E+01  0.2633E+02
  -7.140  0.8749E+01  0.2651E+02
  -7.120  0.8551E+01  0.2668E+02
  -7.100  0.8231E+01  0.2684E+02
  -7.080  0.7853E+01  0.2700E+02
  -7.060  0.7482E+01  0.2715E+02
  -7.040  0.7168E+01  0.2729E+02
  -7.020  0.6941E+01  0.2743E+02
  -7.000  0.6807E+01  0.2757E+02
  -6.980  0.6753E+01  0.2770E+02
  -6.960  0.6745E+01  0.2784E+02
  -6.940  0.6742E+01  0.2797E+02
  -6.920  0.6699E+01  0.2811E+02
  -6.900  0.6577E+01  0.2824E+02
  -6.880  0.6348E+01  0.2836E+02
  -6.860  0.6005E+01  0.2848E+02
  -6.840  0.5555E+01  0.2860E+02
  -6.820  0.5022E+01  0.2870E+02
  -6.800  0.4444E+01  0.2878E+02
  -6.780  0.3864E+01  0.2886E+02
  -6.760  0.3323E+01  0.2893E+02
  -6.740  0.2860E+01  0.2899E+02
  -6.720  0.2499E+01  0.2904E+02
  -6.700  0.2259E+01  0.2908E+02
  -6.680  0.2145E+01  0.2912E+02
  -6.660  0.2153E+01  0.2917E+02
  -6.640  0.2276E+01  0.2921E+02
  -6.620  0.2500E+01  0.2926E+02
  -6.600  0.2814E+01  0.2932E+02
  -6.580  0.3203E+01  0.2938E+02
  -6.560  0.3652E+01  0.2946E+02
  -6.540  0.4148E+01  0.2954E+02
  -6.520  0.4676E+01  0.2963E+02
  -6.500  0.5218E+01  0.2974E+02
  -6.480  0.5759E+01  0.2985E+02
  -6.460  0.6282E+01  0.2998E+02
  -6.440  0.6774E+01  0.3011E+02
  -6.420  0.7225E+01  0.3026E+02
  -6.400  0.7628E+01  0.3041E+02
  -6.380  0.7979E+01  0.3057E+02
  -6.360  0.8279E+01  0.3074E+02
  -6.340  0.8527E+01  0.3091E+02
  -6.320  0.8718E+01  0.3108E+02
  -6.300  0.8846E+01  0.3126E+02
  -6.280  0.8901E+01  0.3144E+02
  -6.260  0.8868E+01  0.3161E+02
  -6.240  0.8733E+01  0.3179E+02
  -6.220  0.8482E+01  0.3196E+02
  -6.200  0.8108E+01  0.3212E+02
  -6.180  0.7612E+01  0.3227E+02
  -6.160  0.7004E+01  0.3241E+02
  -6.140  0.6304E+01  0.3254E+02
  -6.120  0.5541E+01  0.3265E+02
  -6.100  0.4748E+01  0.3274E+02
  -6.080  0.3960E+01  0.3282E+02
  -6.060  0.3210E+01  0.3289E+02
  -6.040  0.2527E+01  0.3294E+02
  -6.020  0.1928E+01  0.3298E+02
  -6.000  0.1425E+01  0.3300E+02
  -5.980  0.1019E+01  0.3302E+02
  -5.960  0.7047E+00  0.3304E+02
  -5.940  0.4705E+00  0.3305E+02
  -5.920  0.3032E+00  0.3305E+02
  -5.900  0.1884E+00  0.3306E+02
  -5.880  0.1128E+00  0.3306E+02
  -5.860  0.6509E-01  0.3306E+02
  -5.840  0.3614E-01  0.3306E+02
  -5.820  0.1931E-01  0.3306E+02
  -5.800  0.9921E-02  0.3306E+02
  -5.780  0.4901E-02  0.3306E+02
  -5.760  0.2326E-02  0.3306E+02
  -5.740  0.1061E-02  0.3306E+02
  -5.720  0.4649E-03  0.3306E+02
  -5.700  0.1956E-03  0.3306E+02
  -5.680  0.7898E-04  0.3306E+02
  -5.660  0.3061E-04  0.3306E+02
  -5.640  0.1139E-04  0.3306E+02
  -5.620  0.4065E-05  0.3306E+02
  -5.600  0.1392E-05  0.3306E+02
  -5.580  0.4573E-06  0.3306E+02
  -5.560  0.1441E-06  0.3306E+02
  -5.540  0.4354E-07  0.3306E+02
  -5.520  0.1262E-07  0.3306E+02
  -5.500  0.3506E-08  0.3306E+02
  -5.480  0.9340E-09  0.3306E+02
  -5.460  0.2386E-09  0.3306E+02
  -5.440  0.5841E-10  0.3306E+02
  -5.420  0.1371E-10  0.3306E+02
  -5.400  0.3085E-11  0.3306E+02
  -5.380  0.6653E-12  0.3306E+02
  -5.360  0.1376E-12  0.3306E+02
  -5.340  0.2743E-13  0.3306E+02
  -5.320  0.6204E-14  0.3306E+02
  -5.300  0.6516E-14  0.3306E+02
  -5.280  0.2906E-13  0.3306E+02
  -5.260  0.1435E-12  0.3306E+02
  -5.240  0.6832E-12  0.3306E+02
  -5.220  0.3117E-11  0.3306E+02
  -5.200  0.1363E-10  0.3306E+02
  -5.180  0.5713E-10  0.3306E+02
  -5.160  0.2296E-09  0.3306E+02
  -5.140  0.8842E-09  0.3306E+02
  -5.120  0.3265E-08  0.3306E+02
  -5.100  0.1156E-07  0.3306E+02
  -5.080  0.3924E-07  0.3306E+02
  -5.060  0.1277E-06  0.3306E+02
  -5.040  0.3987E-06  0.3306E+02
  -5.020  0.1194E-05  0.3306E+02
  -5.000  0.3427E-05  0.3306E+02
  -4.980  0.9441E-05  0.3306E+02
  -4.960  0.2495E-04  0.3306E+02
  -4.940  0.6326E-04  0.3306E+02
  -4.920  0.1540E-03  0.3306E+02
  -4.900  0.3596E-03  0.3306E+02
  -4.880  0.8065E-03  0.3306E+02
  -4.860  0.1737E-02  0.3306E+02
  -4.840  0.3592E-02  0.3306E+02
  -4.820  0.7140E-02  0.3306E+02
  -4.800  0.1364E-01  0.3306E+02
  -4.780  0.2505E-01  0.3306E+02
  -4.760  0.4426E-01  0.3306E+02
  -4.740  0.7527E-01  0.3307E+02
  -4.720  0.1233E+00  0.3307E+02
  -4.700  0.1945E+00  0.3307E+02
  -4.680  0.2960E+00  0.3308E+02
  -4.660  0.4348E+00  0.3309E+02
  -4.640  0.6171E+00  0.3310E+02
  -4.620  0.8470E+00  0.3312E+02
  -4.600  0.1126E+01  0.3314E+02
  -4.580  0.1451E+01  0.3317E+02
  -4.560  0.1816E+01  0.3320E+02
  -4.540  0.2211E+01  0.3325E+02
  -4.520  0.2620E+01  0.3330E+02
  -4.500  0.3029E+01  0.3336E+02
  -4.480  0.3419E+01  0.3343E+02
  -4.460  0.3775E+01  0.3351E+02
  -4.440  0.4081E+01  0.3359E+02
  -4.420  0.4324E+01  0.3367E+02
  -4.400  0.4496E+01  0.3376E+02
  -4.380  0.4592E+01  0.3386E+02
  -4.360  0.4612E+01  0.3395E+02
  -4.340  0.4561E+01  0.3404E+02
  -4.320  0.4450E+01  0.3413E+02
  -4.300  0.4290E+01  0.3421E+02
  -4.280  0.4099E+01  0.3430E+02
  -4.260  0.3893E+01  0.3437E+02
  -4.240  0.3689E+01  0.3445E+02
  -4.220  0.3505E+01  0.3452E+02
  -4.200  0.3356E+01  0.3458E+02
  -4.180  0.3258E+01  0.3465E+02
  -4.160  0.3223E+01  0.3471E+02
  -4.140  0.3264E+01  0.3478E+02
  -4.120  0.3388E+01  0.3485E+02
  -4.100  0.3597E+01  0.3492E+02
  -4.080  0.3888E+01  0.3500E+02
  -4.060  0.4246E+01  0.3508E+02
  -4.040  0.4646E+01  0.3517E+02
  -4.020  0.5058E+01  0.3528E+02
  -4.000  0.5443E+01  0.3538E+02
  -3.980  0.5764E+01  0.3550E+02
  -3.960  0.5986E+01  0.3562E+02
  -3.940  0.6087E+01  0.3574E+02
  -3.920  0.6055E+01  0.3586E+02
  -3.900  0.5894E+01  0.3598E+02
  -3.880  0.5619E+01  0.3609E+02
  -3.860  0.5257E+01  0.3620E+02
  -3.840  0.4837E+01  0.3629E+02
  -3.820  0.4390E+01  0.3638E+02
  -3.800  0.3942E+01  0.3646E+02
  -3.780  0.3515E+01  0.3653E+02
  -3.760  0.3121E+01  0.3659E+02
  -3.740  0.2768E+01  0.3665E+02
  -3.720  0.2457E+01  0.3670E+02
  -3.700  0.2186E+01  0.3674E+02
  -3.680  0.1951E+01  0.3678E+02
  -3.660  0.1746E+01  0.3682E+02
  -3.640  0.1567E+01  0.3685E+02
  -3.620  0.1408E+01  0.3688E+02
  -3.600  0.1266E+01  0.3690E+02
  -3.580  0.1137E+01  0.3692E+02
  -3.560  0.1019E+01  0.3694E+02
  -3.540  0.9105E+00  0.3696E+02
  -3.520  0.8104E+00  0.3698E+02
  -3.500  0.7176E+00  0.3699E+02
  -3.480  0.6317E+00  0.3701E+02
  -3.460  0.5528E+00  0.3702E+02
  -3.440  0.4812E+00  0.3703E+02
  -3.420  0.4177E+00  0.3703E+02
  -3.400  0.3630E+00  0.3704E+02
  -3.380  0.3180E+00  0.3705E+02
  -3.360  0.2834E+00  0.3705E+02
  -3.340  0.2595E+00  0.3706E+02
  -3.320  0.2466E+00  0.3706E+02
  -3.300  0.2447E+00  0.3707E+02
  -3.280  0.2533E+00  0.3707E+02
  -3.260  0.2719E+00  0.3708E+02
  -3.240  0.2995E+00  0.3709E+02
  -3.220  0.3348E+00  0.3709E+02
  -3.200  0.3762E+00  0.3710E+02
  -3.180  0.4223E+00  0.3711E+02
  -3.160  0.4716E+00  0.3712E+02
  -3.140  0.5231E+00  0.3713E+02
  -3.120  0.5764E+00  0.3714E+02
  -3.100  0.6312E+00  0.3715E+02
  -3.080  0.6875E+00  0.3717E+02
  -3.060  0.7453E+00  0.3718E+02
  -3.040  0.8045E+00  0.3720E+02
  -3.020  0.8647E+00  0.3721E+02
  -3.000  0.9260E+00  0.3723E+02
  -2.980  0.9887E+00  0.3725E+02
  -2.960  0.1054E+01  0.3727E+02
  -2.940  0.1122E+01  0.3730E+02
  -2.920  0.1194E+01  0.3732E+02
  -2.900  0.1272E+01  0.3735E+02
  -2.880  0.1356E+01  0.3737E+02
  -2.860  0.1446E+01  0.3740E+02
  -2.840  0.1542E+01  0.3743E+02
  -2.820  0.1643E+01  0.3746E+02
  -2.800  0.1750E+01  0.3750E+02
  -2.780  0.1859E+01  0.3754E+02
  -2.760  0.1968E+01  0.3758E+02
  -2.740  0.2074E+01  0.3762E+02
  -2.720  0.2170E+01  0.3766E+02
  -2.700  0.2250E+01  0.3771E+02
  -2.680  0.2308E+01  0.3775E+02
  -2.660  0.2339E+01  0.3780E+02
  -2.640  0.2340E+01  0.3785E+02
  -2.620  0.2314E+01  0.3789E+02
  -2.600  0.2264E+01  0.3794E+02
  -2.580  0.2194E+01  0.3798E+02
  -2.560  0.2111E+01  0.3802E+02
  -2.540  0.2020E+01  0.3806E+02
  -2.520  0.1926E+01  0.3810E+02
  -2.500  0.1830E+01  0.3814E+02
  -2.480  0.1736E+01  0.3817E+02
  -2.460  0.1646E+01  0.3821E+02
  -2.440  0.1562E+01  0.3824E+02
  -2.420  0.1486E+01  0.3827E+02
  -2.400  0.1419E+01  0.3830E+02
  -2.380  0.1361E+01  0.3832E+02
  -2.360  0.1312E+01  0.3835E+02
  -2.340  0.1269E+01  0.3838E+02
  -2.320  0.1228E+01  0.3840E+02
  -2.300  0.1187E+01  0.3842E+02
  -2.280  0.1146E+01  0.3845E+02
  -2.260  0.1103E+01  0.3847E+02
  -2.240  0.1063E+01  0.3849E+02
  -2.220  0.1025E+01  0.3851E+02
  -2.200  0.9933E+00  0.3853E+02
  -2.180  0.9668E+00  0.3855E+02
  -2.160  0.9447E+00  0.3857E+02
  -2.140  0.9247E+00  0.3859E+02
  -2.120  0.9040E+00  0.3860E+02
  -2.100  0.8806E+00  0.3862E+02
  -2.080  0.8537E+00  0.3864E+02
  -2.060  0.8241E+00  0.3866E+02
  -2.040  0.7938E+00  0.3867E+02
  -2.020  0.7653E+00  0.3869E+02
  -2.000  0.7410E+00  0.3870E+02
  -1.980  0.7218E+00  0.3872E+02
  -1.960  0.7074E+00  0.3873E+02
  -1.940  0.6959E+00  0.3874E+02
  -1.920  0.6848E+00  0.3876E+02
  -1.900  0.6714E+00  0.3877E+02
  -1.880  0.6542E+00  0.3878E+02
  -1.860  0.6330E+00  0.3880E+02
  -1.840  0.6088E+00  0.3881E+02
  -1.820  0.5838E+00  0.3882E+02
  -1.800  0.5608E+00  0.3883E+02
  -1.780  0.5416E+00  0.3884E+02
  -1.760  0.5272E+00  0.3885E+02
  -1.740  0.5173E+00  0.3886E+02
  -1.720  0.5101E+00  0.3887E+02
  -1.700  0.5033E+00  0.3888E+02
  -1.680  0.4946E+00  0.3889E+02
  -1.660  0.4823E+00  0.3890E+02
  -1.640  0.4660E+00  0.3891E+02
  -1.620  0.4467E+00  0.3892E+02
  -1.600  0.4260E+00  0.3893E+02
  -1.580  0.4061E+00  0.3894E+02
  -1.560  0.3891E+00  0.3895E+02
  -1.540  0.3759E+00  0.3895E+02
  -1.520  0.3665E+00  0.3896E+02
  -1.500  0.3599E+00  0.3897E+02
  -1.480  0.3544E+00  0.3898E+02
  -1.460  0.3482E+00  0.3898E+02
  -1.440  0.3402E+00  0.3899E+02
  -1.420  0.3302E+00  0.3900E+02
  -1.400  0.3192E+00  0.3900E+02
  -1.380  0.3094E+00  0.3901E+02
  -1.360  0.3038E+00  0.3901E+02
  -1.340  0.3059E+00  0.3902E+02
  -1.320  0.3193E+00  0.3903E+02
  -1.300  0.3478E+00  0.3903E+02
  -1.280  0.3949E+00  0.3904E+02
  -1.260  0.4641E+00  0.3905E+02
  -1.240  0.5584E+00  0.3906E+02
  -1.220  0.6801E+00  0.3908E+02
  -1.200  0.8305E+00  0.3909E+02
  -1.180  0.1010E+01  0.3911E+02
  -1.160  0.1216E+01  0.3914E+02
  -1.140  0.1447E+01  0.3917E+02
  -1.120  0.1698E+01  0.3920E+02
  -1.100  0.1967E+01  0.3924E+02
  -1.080  0.2250E+01  0.3928E+02
  -1.060  0.2546E+01  0.3934E+02
  -1.040  0.2856E+01  0.3939E+02
  -1.020  0.3182E+01  0.3946E+02
  -1.000  0.3526E+01  0.3953E+02
  -0.980  0.3889E+01  0.3960E+02
  -0.960  0.4270E+01  0.3969E+02
  -0.940  0.4662E+01  0.3978E+02
  -0.920  0.5053E+01  0.3988E+02
  -0.900  0.5425E+01  0.3999E+02
  -0.880  0.5759E+01  0.4011E+02
  -0.860  0.6033E+01  0.4023E+02
  -0.840  0.6226E+01  0.4035E+02
  -0.820  0.6321E+01  0.4048E+02
  -0.800  0.6310E+01  0.4061E+02
  -0.780  0.6191E+01  0.4073E+02
  -0.760  0.5971E+01  0.4085E+02
  -0.740  0.5664E+01  0.4096E+02
  -0.720  0.5292E+01  0.4107E+02
  -0.700  0.4877E+01  0.4117E+02
  -0.680  0.4444E+01  0.4125E+02
  -0.660  0.4017E+01  0.4133E+02
  -0.640  0.3616E+01  0.4141E+02
  -0.620  0.3257E+01  0.4147E+02
  -0.600  0.2948E+01  0.4153E+02
  -0.580  0.2694E+01  0.4159E+02
  -0.560  0.2496E+01  0.4164E+02
  -0.540  0.2348E+01  0.4168E+02
  -0.520  0.2246E+01  0.4173E+02
  -0.500  0.2181E+01  0.4177E+02
  -0.480  0.2146E+01  0.4181E+02
  -0.460  0.2135E+01  0.4186E+02
  -0.440  0.2142E+01  0.4190E+02
  -0.420  0.2164E+01  0.4194E+02
  -0.400  0.2197E+01  0.4199E+02
  -0.380  0.2241E+01  0.4203E+02
  -0.360  0.2296E+01  0.4208E+02
  -0.340  0.2363E+01  0.4212E+02
  -0.320  0.2443E+01  0.4217E+02
  -0.300  0.2539E+01  0.4222E+02
  -0.280  0.2655E+01  0.4228E+02
  -0.260  0.2792E+01  0.4233E+02
  -0.240  0.2950E+01  0.4239E+02
  -0.220  0.3127E+01  0.4245E+02
  -0.200  0.3318E+01  0.4252E+02
  -0.180  0.3513E+01  0.4259E+02
  -0.160  0.3701E+01  0.4266E+02
  -0.140  0.3869E+01  0.4274E+02
  -0.120  0.4005E+01  0.4282E+02
  -0.100  0.4097E+01  0.4290E+02
  -0.080  0.4139E+01  0.4299E+02
  -0.060  0.4132E+01  0.4307E+02
  -0.040  0.4077E+01  0.4315E+02
  -0.020  0.3984E+01  0.4323E+02
   0.000  0.3864E+01  0.4331E+02
   0.020  0.3728E+01  0.4338E+02
   0.040  0.3590E+01  0.4345E+02
   0.060  0.3459E+01  0.4352E+02
   0.080  0.3343E+01  0.4359E+02
   0.100  0.3248E+01  0.4366E+02
   0.120  0.3179E+01  0.4372E+02
   0.140  0.3140E+01  0.4378E+02
   0.160  0.3134E+01  0.4384E+02
   0.180  0.3166E+01  0.4391E+02
   0.200  0.3238E+01  0.4397E+02
   0.220  0.3351E+01  0.4404E+02
   0.240  0.3503E+01  0.4411E+02
   0.260  0.3688E+01  0.4418E+02
   0.280  0.3895E+01  0.4426E+02
   0.300  0.4111E+01  0.4434E+02
   0.320  0.4320E+01  0.4443E+02
   0.340  0.4507E+01  0.4452E+02
   0.360  0.4660E+01  0.4461E+02
   0.380  0.4769E+01  0.4471E+02
   0.400  0.4834E+01  0.4481E+02
   0.420  0.4858E+01  0.4490E+02
   0.440  0.4851E+01  0.4500E+02
   0.460  0.4827E+01  0.4510E+02
   0.480  0.4801E+01  0.4519E+02
   0.500  0.4787E+01  0.4529E+02
   0.520  0.4796E+01  0.4538E+02
   0.540  0.4835E+01  0.4548E+02
   0.560  0.4905E+01  0.4558E+02
   0.580  0.5002E+01  0.4568E+02
   0.600  0.5119E+01  0.4578E+02
   0.620  0.5247E+01  0.4589E+02
   0.640  0.5374E+01  0.4599E+02
   0.660  0.5492E+01  0.4610E+02
   0.680  0.5593E+01  0.4622E+02
   0.700  0.5673E+01  0.4633E+02
   0.720  0.5731E+01  0.4644E+02
   0.740  0.5773E+01  0.4656E+02
   0.760  0.5805E+01  0.4667E+02
   0.780  0.5837E+01  0.4679E+02
   0.800  0.5877E+01  0.4691E+02
   0.820  0.5935E+01  0.4703E+02
   0.840  0.6017E+01  0.4715E+02
   0.860  0.6127E+01  0.4727E+02
   0.880  0.6264E+01  0.4740E+02
   0.900  0.6428E+01  0.4752E+02
   0.920  0.6618E+01  0.4766E+02
   0.940  0.6832E+01  0.4779E+02
   0.960  0.7067E+01  0.4794E+02
   0.980  0.7320E+01  0.4808E+02
   1.000  0.7587E+01  0.4823E+02
   1.020  0.7860E+01  0.4839E+02
   1.040  0.8128E+01  0.4855E+02
   1.060  0.8379E+01  0.4872E+02
   1.080  0.8597E+01  0.4889E+02
   1.100  0.8770E+01  0.4907E+02
   1.120  0.8891E+01  0.4925E+02
   1.140  0.8955E+01  0.4942E+02
   1.160  0.8968E+01  0.4960E+02
   1.180  0.8937E+01  0.4978E+02
   1.200  0.8875E+01  0.4996E+02
   1.220  0.8799E+01  0.5014E+02
   1.240  0.8722E+01  0.5031E+02
   1.260  0.8656E+01  0.5048E+02
   1.280  0.8611E+01  0.5066E+02
   1.300  0.8591E+01  0.5083E+02
   1.320  0.8601E+01  0.5100E+02
   1.340  0.8640E+01  0.5117E+02
   1.360  0.8708E+01  0.5135E+02
   1.380  0.8802E+01  0.5152E+02
   1.400  0.8916E+01  0.5170E+02
   1.420  0.9043E+01  0.5188E+02
   1.440  0.9177E+01  0.5207E+02
   1.460  0.9307E+01  0.5225E+02
   1.480  0.9425E+01  0.5244E+02
   1.500  0.9520E+01  0.5263E+02
   1.520  0.9586E+01  0.5282E+02
   1.540  0.9616E+01  0.5301E+02
   1.560  0.9605E+01  0.5321E+02
   1.580  0.9554E+01  0.5340E+02
   1.600  0.9464E+01  0.5359E+02
   1.620  0.9342E+01  0.5377E+02
   1.640  0.9194E+01  0.5396E+02
   1.660  0.9031E+01  0.5414E+02
   1.680  0.8864E+01  0.5432E+02
   1.700  0.8703E+01  0.5449E+02
   1.720  0.8556E+01  0.5466E+02
   1.740  0.8429E+01  0.5483E+02
   1.760  0.8327E+01  0.5500E+02
   1.780  0.8251E+01  0.5516E+02
   1.800  0.8201E+01  0.5533E+02
   1.820  0.8174E+01  0.5549E+02
   1.840  0.8168E+01  0.5565E+02
   1.860  0.8179E+01  0.5582E+02
   1.880  0.8203E+01  0.5598E+02
   1.900  0.8236E+01  0.5614E+02
   1.920  0.8278E+01  0.5631E+02
   1.940  0.8333E+01  0.5648E+02
   1.960  0.8404E+01  0.5664E+02
   1.980  0.8501E+01  0.5681E+02
   2.000  0.8632E+01  0.5699E+02
   2.020  0.8805E+01  0.5716E+02
   2.040  0.9023E+01  0.5734E+02
   2.060  0.9284E+01  0.5753E+02
   2.080  0.9580E+01  0.5772E+02
   2.100  0.9897E+01  0.5792E+02
   2.120  0.1022E+02  0.5812E+02
   2.140  0.1052E+02  0.5833E+02
   2.160  0.1078E+02  0.5855E+02
   2.180  0.1100E+02  0.5877E+02
   2.200  0.1117E+02  0.5899E+02
   2.220  0.1129E+02  0.5922E+02
   2.240  0.1137E+02  0.5945E+02
   2.260  0.1143E+02  0.5967E+02
   2.280  0.1148E+02  0.5990E+02
   2.300  0.1154E+02  0.6014E+02
   2.320  0.1161E+02  0.6037E+02
   2.340  0.1171E+02  0.6060E+02
   2.360  0.1182E+02  0.6084E+02
   2.380  0.1194E+02  0.6108E+02
   2.400  0.1205E+02  0.6132E+02
   2.420  0.1213E+02  0.6156E+02
   2.440  0.1217E+02  0.6180E+02
   2.460  0.1217E+02  0.6205E+02
   2.480  0.1211E+02  0.6229E+02
   2.500  0.1202E+02  0.6253E+02
   2.520  0.1191E+02  0.6277E+02
   2.540  0.1179E+02  0.6300E+02
   2.560  0.1170E+02  0.6324E+02
   2.580  0.1163E+02  0.6347E+02
   2.600  0.1162E+02  0.6370E+02
   2.620  0.1164E+02  0.6394E+02
   2.640  0.1170E+02  0.6417E+02
   2.660  0.1179E+02  0.6441E+02
   2.680  0.1188E+02  0.6464E+02
   2.700  0.1197E+02  0.6488E+02
   2.720  0.1204E+02  0.6512E+02
   2.740  0.1210E+02  0.6537E+02
   2.760  0.1214E+02  0.6561E+02
   2.780  0.1215E+02  0.6585E+02
   2.800  0.1215E+02  0.6609E+02
   2.820  0.1213E+02  0.6634E+02
   2.840  0.1209E+02  0.6658E+02
   2.860  0.1204E+02  0.6682E+02
   2.880  0.1197E+02  0.6706E+02
   2.900  0.1190E+02  0.6730E+02
   2.920  0.1184E+02  0.6753E+02
   2.940  0.1180E+02  0.6777E+02
   2.960  0.1178E+02  0.6801E+02
   2.980  0.1180E+02  0.6824E+02
   3.000  0.1186E+02  0.6848E+02
   3.020  0.1196E+02  0.6872E+02
   3.040  0.1210E+02  0.6896E+02
   3.060  0.1228E+02  0.6921E+02
   3.080  0.1249E+02  0.6946E+02
   3.100  0.1272E+02  0.6971E+02
   3.120  0.1296E+02  0.6997E+02
   3.140  0.1321E+02  0.7023E+02
   3.160  0.1346E+02  0.7050E+02
   3.180  0.1370E+02  0.7078E+02
   3.200  0.1393E+02  0.7105E+02
   3.220  0.1414E+02  0.7134E+02
   3.240  0.1433E+02  0.7162E+02
   3.260  0.1449E+02  0.7191E+02
   3.280  0.1463E+02  0.7221E+02
   3.300  0.1475E+02  0.7250E+02
   3.320  0.1484E+02  0.7280E+02
   3.340  0.1492E+02  0.7310E+02
   3.360  0.1498E+02  0.7340E+02
   3.380  0.1504E+02  0.7370E+02
   3.400  0.1509E+02  0.7400E+02
   3.420  0.1512E+02  0.7430E+02
   3.440  0.1513E+02  0.7460E+02
   3.460  0.1509E+02  0.7491E+02
   3.480  0.1498E+02  0.7521E+02
   3.500  0.1480E+02  0.7550E+02
   3.520  0.1454E+02  0.7579E+02
   3.540  0.1419E+02  0.7608E+02
   3.560  0.1376E+02  0.7635E+02
   3.580  0.1326E+02  0.7662E+02
   3.600  0.1272E+02  0.7687E+02
   3.620  0.1213E+02  0.7711E+02
   3.640  0.1150E+02  0.7734E+02
   3.660  0.1083E+02  0.7756E+02
   3.680  0.1012E+02  0.7776E+02
   3.700  0.9357E+01  0.7795E+02
   3.720  0.8554E+01  0.7812E+02
   3.740  0.7713E+01  0.7827E+02
   3.760  0.6848E+01  0.7841E+02
   3.780  0.5980E+01  0.7853E+02
   3.800  0.5133E+01  0.7863E+02
   3.820  0.4329E+01  0.7872E+02
   3.840  0.3589E+01  0.7879E+02
   3.860  0.2927E+01  0.7885E+02
   3.880  0.2351E+01  0.7890E+02
   3.900  0.1862E+01  0.7893E+02
   3.920  0.1457E+01  0.7896E+02
   3.940  0.1128E+01  0.7899E+02
   3.960  0.8660E+00  0.7900E+02
   3.980  0.6617E+00  0.7902E+02
   4.000  0.5053E+00  0.7903E+02
