  0.00000000E+00 -0.71001994E+01
  0.50948241E-02 -0.71002167E+01
  0.10189648E-01 -0.71002713E+01
  0.15284472E-01 -0.71003636E+01
  0.20379296E-01 -0.71004934E+01
  0.25474120E-01 -0.71006609E+01
  0.30568944E-01 -0.71008665E+01
  0.35663768E-01 -0.71011107E+01
  0.40758593E-01 -0.71013940E+01
  0.45853417E-01 -0.71017171E+01
  0.50948241E-01 -0.71020807E+01
  0.56043065E-01 -0.71024856E+01
  0.61137889E-01 -0.71029326E+01
  0.66232713E-01 -0.71034226E+01
  0.71327537E-01 -0.71039565E+01
  0.76422361E-01 -0.71045353E+01
  0.81517185E-01 -0.71051599E+01
  0.86612009E-01 -0.71058314E+01
  0.91706833E-01 -0.71065507E+01
  0.96801657E-01 -0.71073189E+01
  0.10189648E+00 -0.71081369E+01
  0.10699131E+00 -0.71090057E+01
  0.11208613E+00 -0.71099262E+01
  0.11718095E+00 -0.71108992E+01
  0.12227578E+00 -0.71119257E+01
  0.12737060E+00 -0.71130063E+01
  0.13246543E+00 -0.71141417E+01
  0.13756025E+00 -0.71153326E+01
  0.14265507E+00 -0.71165793E+01
  0.14774990E+00 -0.71178824E+01
  0.15284472E+00 -0.71192420E+01
  0.15793955E+00 -0.71206584E+01
  0.16303437E+00 -0.71221316E+01
  0.16812919E+00 -0.71236614E+01
  0.17322402E+00 -0.71252477E+01
  0.17831884E+00 -0.71268901E+01
  0.18341367E+00 -0.71285879E+01
  0.18850849E+00 -0.71303406E+01
  0.19360331E+00 -0.71321473E+01
  0.19869814E+00 -0.71340070E+01
  0.20379296E+00 -0.71359186E+01
  0.20888779E+00 -0.71378807E+01
  0.21398261E+00 -0.71398918E+01
  0.21907743E+00 -0.71419504E+01
  0.22417226E+00 -0.71440546E+01
  0.22926708E+00 -0.71462026E+01
  0.23436191E+00 -0.71483922E+01
  0.23945673E+00 -0.71506213E+01
  0.24455156E+00 -0.71528874E+01
  0.24964638E+00 -0.71551882E+01
  0.25474120E+00 -0.71575209E+01
  0.25983603E+00 -0.71598828E+01
  0.26493085E+00 -0.71622712E+01
  0.27002568E+00 -0.71646830E+01
  0.27512050E+00 -0.71671152E+01
  0.28021532E+00 -0.71695646E+01
  0.28531015E+00 -0.71720281E+01
  0.29040497E+00 -0.71745024E+01
  0.29549980E+00 -0.71769840E+01
  0.30059462E+00 -0.71794696E+01
  0.30568944E+00 -0.71819558E+01
  0.31078427E+00 -0.71844390E+01
  0.31587909E+00 -0.71869156E+01
  0.32097392E+00 -0.71893823E+01
  0.32606874E+00 -0.71918353E+01
  0.33116356E+00 -0.71942712E+01
  0.33625839E+00 -0.71966863E+01
  0.34135321E+00 -0.71990772E+01
  0.34644804E+00 -0.72014403E+01
  0.35154286E+00 -0.72037720E+01
  0.35663768E+00 -0.72060690E+01
  0.36173251E+00 -0.72083278E+01
  0.36682733E+00 -0.72105450E+01
  0.37192216E+00 -0.72127173E+01
  0.37701698E+00 -0.72148414E+01
  0.38211180E+00 -0.72169142E+01
  0.38720663E+00 -0.72189326E+01
  0.39230145E+00 -0.72208934E+01
  0.39739628E+00 -0.72227938E+01
  0.40249110E+00 -0.72246309E+01
  0.40758593E+00 -0.72264019E+01
  0.41268075E+00 -0.72281042E+01
  0.41777557E+00 -0.72297352E+01
  0.42287040E+00 -0.72312924E+01
  0.42796522E+00 -0.72327735E+01
  0.43306005E+00 -0.72341763E+01
  0.43815487E+00 -0.72354987E+01
  0.44324969E+00 -0.72367387E+01
  0.44834452E+00 -0.72378944E+01
  0.45343934E+00 -0.72389641E+01
  0.45853417E+00 -0.72399463E+01
  0.46362899E+00 -0.72408393E+01
  0.46872381E+00 -0.72416420E+01
  0.47381864E+00 -0.72423531E+01
  0.47891346E+00 -0.72429715E+01
  0.48400829E+00 -0.72434964E+01
  0.48910311E+00 -0.72439269E+01
  0.49419793E+00 -0.72442624E+01
  0.49929276E+00 -0.72445024E+01
  0.50438758E+00 -0.72446465E+01
  0.50948241E+00 -0.72446946E+01
  0.51455345E+00 -0.72446268E+01
  0.51962449E+00 -0.72444238E+01
  0.52469553E+00 -0.72440864E+01
  0.52976657E+00 -0.72436159E+01
  0.53483761E+00 -0.72430141E+01
  0.53990865E+00 -0.72422835E+01
  0.54497970E+00 -0.72414268E+01
  0.55005074E+00 -0.72404475E+01
  0.55512178E+00 -0.72393494E+01
  0.56019282E+00 -0.72381371E+01
  0.56526386E+00 -0.72368152E+01
  0.57033490E+00 -0.72353893E+01
  0.57540594E+00 -0.72338650E+01
  0.58047698E+00 -0.72322486E+01
  0.58554803E+00 -0.72305467E+01
  0.59061907E+00 -0.72287664E+01
  0.59569011E+00 -0.72269151E+01
  0.60076115E+00 -0.72250004E+01
  0.60583219E+00 -0.72230305E+01
  0.61090323E+00 -0.72210136E+01
  0.61597427E+00 -0.72189583E+01
  0.62104531E+00 -0.72168732E+01
  0.62611636E+00 -0.72147671E+01
  0.63118740E+00 -0.72126490E+01
  0.63625844E+00 -0.72105277E+01
  0.64132948E+00 -0.72084120E+01
  0.64640052E+00 -0.72063108E+01
  0.65147156E+00 -0.72042325E+01
  0.65654260E+00 -0.72021855E+01
  0.66161364E+00 -0.72001777E+01
  0.66668469E+00 -0.71982167E+01
  0.67175573E+00 -0.71963097E+01
  0.67682677E+00 -0.71944633E+01
  0.68189781E+00 -0.71926835E+01
  0.68696885E+00 -0.71909758E+01
  0.69203989E+00 -0.71893450E+01
  0.69711093E+00 -0.71877951E+01
  0.70218197E+00 -0.71863297E+01
  0.70725302E+00 -0.71849512E+01
  0.71232406E+00 -0.71836616E+01
  0.71739510E+00 -0.71824621E+01
  0.72246614E+00 -0.71813532E+01
  0.72753718E+00 -0.71803346E+01
  0.73260822E+00 -0.71794055E+01
  0.73767926E+00 -0.71785644E+01
  0.74275031E+00 -0.71778092E+01
  0.74782135E+00 -0.71771373E+01
  0.75289239E+00 -0.71765458E+01
  0.75796343E+00 -0.71760312E+01
  0.76303447E+00 -0.71755897E+01
  0.76810551E+00 -0.71752173E+01
  0.77317655E+00 -0.71749095E+01
  0.77824759E+00 -0.71746619E+01
  0.78331864E+00 -0.71744698E+01
  0.78838968E+00 -0.71743285E+01
  0.79346072E+00 -0.71742332E+01
  0.79853176E+00 -0.71741790E+01
  0.80360280E+00 -0.71741612E+01
  0.80871794E+00 -0.71741771E+01
  0.81383307E+00 -0.71742204E+01
  0.81894821E+00 -0.71742862E+01
  0.82406335E+00 -0.71743702E+01
  0.82917849E+00 -0.71744680E+01
  0.83429362E+00 -0.71745752E+01
  0.83940876E+00 -0.71746880E+01
  0.84452390E+00 -0.71748023E+01
  0.84963904E+00 -0.71749145E+01
  0.85475417E+00 -0.71750211E+01
  0.85986931E+00 -0.71751188E+01
  0.86498445E+00 -0.71752046E+01
  0.87009958E+00 -0.71752756E+01
  0.87521472E+00 -0.71753290E+01
  0.88032986E+00 -0.71753623E+01
  0.88544500E+00 -0.71753734E+01
  0.89056013E+00 -0.71753599E+01
  0.89567527E+00 -0.71753201E+01
  0.90079041E+00 -0.71752522E+01
  0.90590554E+00 -0.71751547E+01
  0.91102068E+00 -0.71750260E+01
  0.91613582E+00 -0.71748651E+01
  0.92125096E+00 -0.71746708E+01
  0.92636609E+00 -0.71744423E+01
  0.93148123E+00 -0.71741787E+01
  0.93659637E+00 -0.71738795E+01
  0.94171151E+00 -0.71735443E+01
  0.94682664E+00 -0.71731725E+01
  0.95194178E+00 -0.71727641E+01
  0.95705692E+00 -0.71723189E+01
  0.96217205E+00 -0.71718370E+01
  0.96728719E+00 -0.71713184E+01
  0.97240233E+00 -0.71707635E+01
  0.97751747E+00 -0.71701724E+01
  0.98263260E+00 -0.71695457E+01
  0.98774774E+00 -0.71688839E+01
  0.99286288E+00 -0.71681874E+01
  0.99797801E+00 -0.71674571E+01
  0.10030932E+01 -0.71666936E+01
  0.10082083E+01 -0.71658977E+01
  0.10133234E+01 -0.71650703E+01
  0.10184386E+01 -0.71642124E+01
  0.10235537E+01 -0.71633248E+01
  0.10286688E+01 -0.71624086E+01
  0.10337840E+01 -0.71614649E+01
  0.10388991E+01 -0.71604949E+01
  0.10440142E+01 -0.71594995E+01
  0.10491294E+01 -0.71584801E+01
  0.10542445E+01 -0.71574379E+01
  0.10593597E+01 -0.71563741E+01
  0.10644748E+01 -0.71552899E+01
  0.10695899E+01 -0.71541868E+01
  0.10747051E+01 -0.71530659E+01
  0.10798202E+01 -0.71519286E+01
  0.10849353E+01 -0.71507763E+01
  0.10900505E+01 -0.71496103E+01
  0.10951656E+01 -0.71484320E+01
  0.11002808E+01 -0.71472427E+01
  0.11053959E+01 -0.71460439E+01
  0.11105110E+01 -0.71448368E+01
  0.11156262E+01 -0.71436230E+01
  0.11207413E+01 -0.71424037E+01
  0.11258564E+01 -0.71411804E+01
  0.11309716E+01 -0.71399544E+01
  0.11360867E+01 -0.71387271E+01
  0.11412019E+01 -0.71374998E+01
  0.11463170E+01 -0.71362739E+01
  0.11514321E+01 -0.71350507E+01
  0.11565473E+01 -0.71338315E+01
  0.11616624E+01 -0.71326177E+01
  0.11667775E+01 -0.71314105E+01
  0.11718927E+01 -0.71302111E+01
  0.11770078E+01 -0.71290210E+01
  0.11821230E+01 -0.71278413E+01
  0.11872381E+01 -0.71266731E+01
  0.11923532E+01 -0.71255178E+01
  0.11974684E+01 -0.71243764E+01
  0.12025835E+01 -0.71232502E+01
  0.12076986E+01 -0.71221402E+01
  0.12128138E+01 -0.71210476E+01
  0.12179289E+01 -0.71199734E+01
  0.12230441E+01 -0.71189187E+01
  0.12281592E+01 -0.71178845E+01
  0.12332743E+01 -0.71168718E+01
  0.12383895E+01 -0.71158815E+01
  0.12435046E+01 -0.71149146E+01
  0.12486197E+01 -0.71139721E+01
  0.12537349E+01 -0.71130547E+01
  0.12588500E+01 -0.71121633E+01
  0.12639651E+01 -0.71112987E+01
  0.12690803E+01 -0.71104618E+01
  0.12741954E+01 -0.71096533E+01
  0.12793106E+01 -0.71088739E+01
  0.12844257E+01 -0.71081243E+01
  0.12895408E+01 -0.71074051E+01
  0.12946560E+01 -0.71067170E+01
  0.12997711E+01 -0.71060607E+01
  0.13048862E+01 -0.71054366E+01
  0.13100014E+01 -0.71048453E+01
  0.13151165E+01 -0.71042873E+01
  0.13202317E+01 -0.71037631E+01
  0.13253468E+01 -0.71032732E+01
  0.13304619E+01 -0.71028179E+01
  0.13355771E+01 -0.71023976E+01
  0.13406922E+01 -0.71020127E+01
  0.13458073E+01 -0.71016635E+01
  0.13509225E+01 -0.71013504E+01
  0.13560376E+01 -0.71010735E+01
  0.13611528E+01 -0.71008331E+01
  0.13662679E+01 -0.71006295E+01
  0.13713830E+01 -0.71004630E+01
  0.13764982E+01 -0.71003340E+01
  0.13816133E+01 -0.71002438E+01
  0.13867284E+01 -0.71001987E+01
  0.13918436E+01 -0.71001994E+01
  
  0.00000000E+00 -0.71001137E+01
  0.50948241E-02 -0.71000533E+01
  0.10189648E-01 -0.70998693E+01
  0.15284472E-01 -0.70995618E+01
  0.20379296E-01 -0.70991316E+01
  0.25474120E-01 -0.70985791E+01
  0.30568944E-01 -0.70979052E+01
  0.35663768E-01 -0.70971106E+01
  0.40758593E-01 -0.70961961E+01
  0.45853417E-01 -0.70951629E+01
  0.50948241E-01 -0.70940121E+01
  0.56043065E-01 -0.70927450E+01
  0.61137889E-01 -0.70913630E+01
  0.66232713E-01 -0.70898677E+01
  0.71327537E-01 -0.70882608E+01
  0.76422361E-01 -0.70865440E+01
  0.81517185E-01 -0.70847194E+01
  0.86612009E-01 -0.70827888E+01
  0.91706833E-01 -0.70807545E+01
  0.96801657E-01 -0.70786187E+01
  0.10189648E+00 -0.70763837E+01
  0.10699131E+00 -0.70740520E+01
  0.11208613E+00 -0.70716261E+01
  0.11718095E+00 -0.70691086E+01
  0.12227578E+00 -0.70665022E+01
  0.12737060E+00 -0.70638097E+01
  0.13246543E+00 -0.70610339E+01
  0.13756025E+00 -0.70581779E+01
  0.14265507E+00 -0.70552445E+01
  0.14774990E+00 -0.70522368E+01
  0.15284472E+00 -0.70491581E+01
  0.15793955E+00 -0.70460113E+01
  0.16303437E+00 -0.70427998E+01
  0.16812919E+00 -0.70395268E+01
  0.17322402E+00 -0.70361956E+01
  0.17831884E+00 -0.70328095E+01
  0.18341367E+00 -0.70293720E+01
  0.18850849E+00 -0.70258864E+01
  0.19360331E+00 -0.70223562E+01
  0.19869814E+00 -0.70187848E+01
  0.20379296E+00 -0.70151756E+01
  0.20888779E+00 -0.70115323E+01
  0.21398261E+00 -0.70078582E+01
  0.21907743E+00 -0.70041569E+01
  0.22417226E+00 -0.70004319E+01
  0.22926708E+00 -0.69966867E+01
  0.23436191E+00 -0.69929249E+01
  0.23945673E+00 -0.69891500E+01
  0.24455156E+00 -0.69853655E+01
  0.24964638E+00 -0.69815749E+01
  0.25474120E+00 -0.69777818E+01
  0.25983603E+00 -0.69739896E+01
  0.26493085E+00 -0.69702019E+01
  0.27002568E+00 -0.69664222E+01
  0.27512050E+00 -0.69626538E+01
  0.28021532E+00 -0.69589004E+01
  0.28531015E+00 -0.69551653E+01
  0.29040497E+00 -0.69514520E+01
  0.29549980E+00 -0.69477639E+01
  0.30059462E+00 -0.69441043E+01
  0.30568944E+00 -0.69404768E+01
  0.31078427E+00 -0.69368846E+01
  0.31587909E+00 -0.69333310E+01
  0.32097392E+00 -0.69298194E+01
  0.32606874E+00 -0.69263531E+01
  0.33116356E+00 -0.69229352E+01
  0.33625839E+00 -0.69195692E+01
  0.34135321E+00 -0.69162581E+01
  0.34644804E+00 -0.69130051E+01
  0.35154286E+00 -0.69098134E+01
  0.35663768E+00 -0.69066861E+01
  0.36173251E+00 -0.69036262E+01
  0.36682733E+00 -0.69006368E+01
  0.37192216E+00 -0.68977209E+01
  0.37701698E+00 -0.68948813E+01
  0.38211180E+00 -0.68921211E+01
  0.38720663E+00 -0.68894430E+01
  0.39230145E+00 -0.68868498E+01
  0.39739628E+00 -0.68843444E+01
  0.40249110E+00 -0.68819292E+01
  0.40758593E+00 -0.68796070E+01
  0.41268075E+00 -0.68773803E+01
  0.41777557E+00 -0.68752516E+01
  0.42287040E+00 -0.68732232E+01
  0.42796522E+00 -0.68712974E+01
  0.43306005E+00 -0.68694764E+01
  0.43815487E+00 -0.68677624E+01
  0.44324969E+00 -0.68661573E+01
  0.44834452E+00 -0.68646631E+01
  0.45343934E+00 -0.68632816E+01
  0.45853417E+00 -0.68620144E+01
  0.46362899E+00 -0.68608630E+01
  0.46872381E+00 -0.68598289E+01
  0.47381864E+00 -0.68589134E+01
  0.47891346E+00 -0.68581176E+01
  0.48400829E+00 -0.68574425E+01
  0.48910311E+00 -0.68568889E+01
  0.49419793E+00 -0.68564577E+01
  0.49929276E+00 -0.68561492E+01
  0.50438758E+00 -0.68559640E+01
  0.50948241E+00 -0.68559022E+01
  0.51455345E+00 -0.68558986E+01
  0.51962449E+00 -0.68558874E+01
  0.52469553E+00 -0.68558681E+01
  0.52976657E+00 -0.68558395E+01
  0.53483761E+00 -0.68558003E+01
  0.53990865E+00 -0.68557484E+01
  0.54497970E+00 -0.68556816E+01
  0.55005074E+00 -0.68555972E+01
  0.55512178E+00 -0.68554920E+01
  0.56019282E+00 -0.68553625E+01
  0.56526386E+00 -0.68552048E+01
  0.57033490E+00 -0.68550145E+01
  0.57540594E+00 -0.68547871E+01
  0.58047698E+00 -0.68545174E+01
  0.58554803E+00 -0.68542001E+01
  0.59061907E+00 -0.68538296E+01
  0.59569011E+00 -0.68533998E+01
  0.60076115E+00 -0.68529046E+01
  0.60583219E+00 -0.68523374E+01
  0.61090323E+00 -0.68516916E+01
  0.61597427E+00 -0.68509603E+01
  0.62104531E+00 -0.68501365E+01
  0.62611636E+00 -0.68492133E+01
  0.63118740E+00 -0.68481835E+01
  0.63625844E+00 -0.68470400E+01
  0.64132948E+00 -0.68457760E+01
  0.64640052E+00 -0.68443847E+01
  0.65147156E+00 -0.68428593E+01
  0.65654260E+00 -0.68411937E+01
  0.66161364E+00 -0.68393818E+01
  0.66668469E+00 -0.68374180E+01
  0.67175573E+00 -0.68352973E+01
  0.67682677E+00 -0.68330150E+01
  0.68189781E+00 -0.68305673E+01
  0.68696885E+00 -0.68279507E+01
  0.69203989E+00 -0.68251625E+01
  0.69711093E+00 -0.68222007E+01
  0.70218197E+00 -0.68190641E+01
  0.70725302E+00 -0.68157522E+01
  0.71232406E+00 -0.68122651E+01
  0.71739510E+00 -0.68086038E+01
  0.72246614E+00 -0.68047700E+01
  0.72753718E+00 -0.68007661E+01
  0.73260822E+00 -0.67965950E+01
  0.73767926E+00 -0.67922603E+01
  0.74275031E+00 -0.67877664E+01
  0.74782135E+00 -0.67831178E+01
  0.75289239E+00 -0.67783199E+01
  0.75796343E+00 -0.67733781E+01
  0.76303447E+00 -0.67682986E+01
  0.76810551E+00 -0.67630874E+01
  0.77317655E+00 -0.67577512E+01
  0.77824759E+00 -0.67522967E+01
  0.78331864E+00 -0.67467306E+01
  0.78838968E+00 -0.67410600E+01
  0.79346072E+00 -0.67352919E+01
  0.79853176E+00 -0.67294334E+01
  0.80360280E+00 -0.67235197E+01
  0.80871794E+00 -0.67295290E+01
  0.81383307E+00 -0.67354872E+01
  0.81894821E+00 -0.67413926E+01
  0.82406335E+00 -0.67472436E+01
  0.82917849E+00 -0.67530386E+01
  0.83429362E+00 -0.67587762E+01
  0.83940876E+00 -0.67644550E+01
  0.84452390E+00 -0.67700736E+01
  0.84963904E+00 -0.67756309E+01
  0.85475417E+00 -0.67811256E+01
  0.85986931E+00 -0.67865568E+01
  0.86498445E+00 -0.67919235E+01
  0.87009958E+00 -0.67972248E+01
  0.87521472E+00 -0.68024599E+01
  0.88032986E+00 -0.68076281E+01
  0.88544500E+00 -0.68127288E+01
  0.89056013E+00 -0.68177614E+01
  0.89567527E+00 -0.68227257E+01
  0.90079041E+00 -0.68276212E+01
  0.90590554E+00 -0.68324477E+01
  0.91102068E+00 -0.68372052E+01
  0.91613582E+00 -0.68418936E+01
  0.92125096E+00 -0.68465130E+01
  0.92636609E+00 -0.68510637E+01
  0.93148123E+00 -0.68555459E+01
  0.93659637E+00 -0.68599600E+01
  0.94171151E+00 -0.68643066E+01
  0.94682664E+00 -0.68685863E+01
  0.95194178E+00 -0.68727999E+01
  0.95705692E+00 -0.68769482E+01
  0.96217205E+00 -0.68810322E+01
  0.96728719E+00 -0.68850529E+01
  0.97240233E+00 -0.68890116E+01
  0.97751747E+00 -0.68929095E+01
  0.98263260E+00 -0.68967480E+01
  0.98774774E+00 -0.69005286E+01
  0.99286288E+00 -0.69042530E+01
  0.99797801E+00 -0.69079227E+01
  0.10030932E+01 -0.69115396E+01
  0.10082083E+01 -0.69151055E+01
  0.10133234E+01 -0.69186224E+01
  0.10184386E+01 -0.69220923E+01
  0.10235537E+01 -0.69255173E+01
  0.10286688E+01 -0.69288995E+01
  0.10337840E+01 -0.69322411E+01
  0.10388991E+01 -0.69355444E+01
  0.10440142E+01 -0.69388116E+01
  0.10491294E+01 -0.69420451E+01
  0.10542445E+01 -0.69452471E+01
  0.10593597E+01 -0.69484201E+01
  0.10644748E+01 -0.69515662E+01
  0.10695899E+01 -0.69546879E+01
  0.10747051E+01 -0.69577873E+01
  0.10798202E+01 -0.69608667E+01
  0.10849353E+01 -0.69639282E+01
  0.10900505E+01 -0.69669739E+01
  0.10951656E+01 -0.69700059E+01
  0.11002808E+01 -0.69730260E+01
  0.11053959E+01 -0.69760359E+01
  0.11105110E+01 -0.69790374E+01
  0.11156262E+01 -0.69820319E+01
  0.11207413E+01 -0.69850208E+01
  0.11258564E+01 -0.69880053E+01
  0.11309716E+01 -0.69909863E+01
  0.11360867E+01 -0.69939648E+01
  0.11412019E+01 -0.69969412E+01
  0.11463170E+01 -0.69999160E+01
  0.11514321E+01 -0.70028893E+01
  0.11565473E+01 -0.70058612E+01
  0.11616624E+01 -0.70088312E+01
  0.11667775E+01 -0.70117989E+01
  0.11718927E+01 -0.70147635E+01
  0.11770078E+01 -0.70177240E+01
  0.11821230E+01 -0.70206791E+01
  0.11872381E+01 -0.70236274E+01
  0.11923532E+01 -0.70265670E+01
  0.11974684E+01 -0.70294960E+01
  0.12025835E+01 -0.70324121E+01
  0.12076986E+01 -0.70353131E+01
  0.12128138E+01 -0.70381961E+01
  0.12179289E+01 -0.70410584E+01
  0.12230441E+01 -0.70438969E+01
  0.12281592E+01 -0.70467084E+01
  0.12332743E+01 -0.70494896E+01
  0.12383895E+01 -0.70522368E+01
  0.12435046E+01 -0.70549465E+01
  0.12486197E+01 -0.70576149E+01
  0.12537349E+01 -0.70602380E+01
  0.12588500E+01 -0.70628119E+01
  0.12639651E+01 -0.70653327E+01
  0.12690803E+01 -0.70677961E+01
  0.12741954E+01 -0.70701982E+01
  0.12793106E+01 -0.70725349E+01
  0.12844257E+01 -0.70748020E+01
  0.12895408E+01 -0.70769954E+01
  0.12946560E+01 -0.70791113E+01
  0.12997711E+01 -0.70811456E+01
  0.13048862E+01 -0.70830945E+01
  0.13100014E+01 -0.70849543E+01
  0.13151165E+01 -0.70867212E+01
  0.13202317E+01 -0.70883919E+01
  0.13253468E+01 -0.70899629E+01
  0.13304619E+01 -0.70914311E+01
  0.13355771E+01 -0.70927934E+01
  0.13406922E+01 -0.70940471E+01
  0.13458073E+01 -0.70951896E+01
  0.13509225E+01 -0.70962184E+01
  0.13560376E+01 -0.70971313E+01
  0.13611528E+01 -0.70979264E+01
  0.13662679E+01 -0.70986020E+01
  0.13713830E+01 -0.70991565E+01
  0.13764982E+01 -0.70995884E+01
  0.13816133E+01 -0.70998955E+01
  0.13867284E+01 -0.71000709E+01
  0.13918436E+01 -0.71001137E+01
  
  0.00000000E+00 -0.62985652E+01
  0.50948241E-02 -0.62985600E+01
  0.10189648E-01 -0.62986197E+01
  0.15284472E-01 -0.62987554E+01
  0.20379296E-01 -0.62989454E+01
  0.25474120E-01 -0.62991895E+01
  0.30568944E-01 -0.62994875E+01
  0.35663768E-01 -0.62998389E+01
  0.40758593E-01 -0.63002436E+01
  0.45853417E-01 -0.63007012E+01
  0.50948241E-01 -0.63012112E+01
  0.56043065E-01 -0.63017732E+01
  0.61137889E-01 -0.63023867E+01
  0.66232713E-01 -0.63030511E+01
  0.71327537E-01 -0.63037660E+01
  0.76422361E-01 -0.63045305E+01
  0.81517185E-01 -0.63053441E+01
  0.86612009E-01 -0.63062060E+01
  0.91706833E-01 -0.63071155E+01
  0.96801657E-01 -0.63080718E+01
  0.10189648E+00 -0.63090740E+01
  0.10699131E+00 -0.63101212E+01
  0.11208613E+00 -0.63112126E+01
  0.11718095E+00 -0.63123471E+01
  0.12227578E+00 -0.63135239E+01
  0.12737060E+00 -0.63147418E+01
  0.13246543E+00 -0.63159998E+01
  0.13756025E+00 -0.63172968E+01
  0.14265507E+00 -0.63186317E+01
  0.14774990E+00 -0.63200034E+01
  0.15284472E+00 -0.63214106E+01
  0.15793955E+00 -0.63228521E+01
  0.16303437E+00 -0.63243268E+01
  0.16812919E+00 -0.63258332E+01
  0.17322402E+00 -0.63273703E+01
  0.17831884E+00 -0.63289365E+01
  0.18341367E+00 -0.63305306E+01
  0.18850849E+00 -0.63321512E+01
  0.19360331E+00 -0.63337969E+01
  0.19869814E+00 -0.63354663E+01
  0.20379296E+00 -0.63371580E+01
  0.20888779E+00 -0.63388705E+01
  0.21398261E+00 -0.63406023E+01
  0.21907743E+00 -0.63423521E+01
  0.22417226E+00 -0.63441181E+01
  0.22926708E+00 -0.63458990E+01
  0.23436191E+00 -0.63476931E+01
  0.23945673E+00 -0.63494989E+01
  0.24455156E+00 -0.63513149E+01
  0.24964638E+00 -0.63531394E+01
  0.25474120E+00 -0.63549709E+01
  0.25983603E+00 -0.63568076E+01
  0.26493085E+00 -0.63586480E+01
  0.27002568E+00 -0.63604904E+01
  0.27512050E+00 -0.63623332E+01
  0.28021532E+00 -0.63641746E+01
  0.28531015E+00 -0.63660130E+01
  0.29040497E+00 -0.63678466E+01
  0.29549980E+00 -0.63696738E+01
  0.30059462E+00 -0.63714928E+01
  0.30568944E+00 -0.63733018E+01
  0.31078427E+00 -0.63750992E+01
  0.31587909E+00 -0.63768830E+01
  0.32097392E+00 -0.63786516E+01
  0.32606874E+00 -0.63804032E+01
  0.33116356E+00 -0.63821360E+01
  0.33625839E+00 -0.63838480E+01
  0.34135321E+00 -0.63855377E+01
  0.34644804E+00 -0.63872030E+01
  0.35154286E+00 -0.63888423E+01
  0.35663768E+00 -0.63904536E+01
  0.36173251E+00 -0.63920351E+01
  0.36682733E+00 -0.63935851E+01
  0.37192216E+00 -0.63951016E+01
  0.37701698E+00 -0.63965829E+01
  0.38211180E+00 -0.63980271E+01
  0.38720663E+00 -0.63994324E+01
  0.39230145E+00 -0.64007970E+01
  0.39739628E+00 -0.64021193E+01
  0.40249110E+00 -0.64033973E+01
  0.40758593E+00 -0.64046294E+01
  0.41268075E+00 -0.64058139E+01
  0.41777557E+00 -0.64069491E+01
  0.42287040E+00 -0.64080333E+01
  0.42796522E+00 -0.64090651E+01
  0.43306005E+00 -0.64100429E+01
  0.43815487E+00 -0.64109651E+01
  0.44324969E+00 -0.64118304E+01
  0.44834452E+00 -0.64126375E+01
  0.45343934E+00 -0.64133850E+01
  0.45853417E+00 -0.64140717E+01
  0.46362899E+00 -0.64146966E+01
  0.46872381E+00 -0.64152586E+01
  0.47381864E+00 -0.64157567E+01
  0.47891346E+00 -0.64161902E+01
  0.48400829E+00 -0.64165582E+01
  0.48910311E+00 -0.64168602E+01
  0.49419793E+00 -0.64170956E+01
  0.49929276E+00 -0.64172641E+01
  0.50438758E+00 -0.64173653E+01
  0.50948241E+00 -0.64173990E+01
  0.51455345E+00 -0.64176131E+01
  0.51962449E+00 -0.64182531E+01
  0.52469553E+00 -0.64193127E+01
  0.52976657E+00 -0.64207816E+01
  0.53483761E+00 -0.64226464E+01
  0.53990865E+00 -0.64248906E+01
  0.54497970E+00 -0.64274956E+01
  0.55005074E+00 -0.64304415E+01
  0.55512178E+00 -0.64337075E+01
  0.56019282E+00 -0.64372724E+01
  0.56526386E+00 -0.64411152E+01
  0.57033490E+00 -0.64452154E+01
  0.57540594E+00 -0.64495533E+01
  0.58047698E+00 -0.64541101E+01
  0.58554803E+00 -0.64588680E+01
  0.59061907E+00 -0.64638105E+01
  0.59569011E+00 -0.64689220E+01
  0.60076115E+00 -0.64741881E+01
  0.60583219E+00 -0.64795954E+01
  0.61090323E+00 -0.64851315E+01
  0.61597427E+00 -0.64907850E+01
  0.62104531E+00 -0.64965452E+01
  0.62611636E+00 -0.65024023E+01
  0.63118740E+00 -0.65083472E+01
  0.63625844E+00 -0.65143714E+01
  0.64132948E+00 -0.65204671E+01
  0.64640052E+00 -0.65266269E+01
  0.65147156E+00 -0.65328441E+01
  0.65654260E+00 -0.65391121E+01
  0.66161364E+00 -0.65454250E+01
  0.66668469E+00 -0.65517772E+01
  0.67175573E+00 -0.65581632E+01
  0.67682677E+00 -0.65645781E+01
  0.68189781E+00 -0.65710170E+01
  0.68696885E+00 -0.65774756E+01
  0.69203989E+00 -0.65839494E+01
  0.69711093E+00 -0.65904343E+01
  0.70218197E+00 -0.65969265E+01
  0.70725302E+00 -0.66034221E+01
  0.71232406E+00 -0.66099176E+01
  0.71739510E+00 -0.66164096E+01
  0.72246614E+00 -0.66228946E+01
  0.72753718E+00 -0.66293696E+01
  0.73260822E+00 -0.66358314E+01
  0.73767926E+00 -0.66422771E+01
  0.74275031E+00 -0.66487037E+01
  0.74782135E+00 -0.66551087E+01
  0.75289239E+00 -0.66614892E+01
  0.75796343E+00 -0.66678426E+01
  0.76303447E+00 -0.66741666E+01
  0.76810551E+00 -0.66804587E+01
  0.77317655E+00 -0.66867165E+01
  0.77824759E+00 -0.66929377E+01
  0.78331864E+00 -0.66991203E+01
  0.78838968E+00 -0.67052621E+01
  0.79346072E+00 -0.67113611E+01
  0.79853176E+00 -0.67174152E+01
  0.80360280E+00 -0.67233942E+01
  0.80871794E+00 -0.67173203E+01
  0.81383307E+00 -0.67111758E+01
  0.81894821E+00 -0.67049675E+01
  0.82406335E+00 -0.66987024E+01
  0.82917849E+00 -0.66923872E+01
  0.83429362E+00 -0.66860284E+01
  0.83940876E+00 -0.66796324E+01
  0.84452390E+00 -0.66732055E+01
  0.84963904E+00 -0.66667536E+01
  0.85475417E+00 -0.66602826E+01
  0.85986931E+00 -0.66537981E+01
  0.86498445E+00 -0.66473057E+01
  0.87009958E+00 -0.66408104E+01
  0.87521472E+00 -0.66343175E+01
  0.88032986E+00 -0.66278317E+01
  0.88544500E+00 -0.66213577E+01
  0.89056013E+00 -0.66148999E+01
  0.89567527E+00 -0.66084627E+01
  0.90079041E+00 -0.66020502E+01
  0.90590554E+00 -0.65956662E+01
  0.91102068E+00 -0.65893145E+01
  0.91613582E+00 -0.65829986E+01
  0.92125096E+00 -0.65767219E+01
  0.92636609E+00 -0.65704877E+01
  0.93148123E+00 -0.65642989E+01
  0.93659637E+00 -0.65581585E+01
  0.94171151E+00 -0.65520691E+01
  0.94682664E+00 -0.65460335E+01
  0.95194178E+00 -0.65400539E+01
  0.95705692E+00 -0.65341328E+01
  0.96217205E+00 -0.65282722E+01
  0.96728719E+00 -0.65224743E+01
  0.97240233E+00 -0.65167408E+01
  0.97751747E+00 -0.65110737E+01
  0.98263260E+00 -0.65054744E+01
  0.98774774E+00 -0.64999447E+01
  0.99286288E+00 -0.64944858E+01
  0.99797801E+00 -0.64890992E+01
  0.10030932E+01 -0.64837859E+01
  0.10082083E+01 -0.64785472E+01
  0.10133234E+01 -0.64733840E+01
  0.10184386E+01 -0.64682973E+01
  0.10235537E+01 -0.64632879E+01
  0.10286688E+01 -0.64583565E+01
  0.10337840E+01 -0.64535038E+01
  0.10388991E+01 -0.64487304E+01
  0.10440142E+01 -0.64440366E+01
  0.10491294E+01 -0.64394231E+01
  0.10542445E+01 -0.64348901E+01
  0.10593597E+01 -0.64304378E+01
  0.10644748E+01 -0.64260666E+01
  0.10695899E+01 -0.64217765E+01
  0.10747051E+01 -0.64175677E+01
  0.10798202E+01 -0.64134402E+01
  0.10849353E+01 -0.64093939E+01
  0.10900505E+01 -0.64054288E+01
  0.10951656E+01 -0.64015448E+01
  0.11002808E+01 -0.63977417E+01
  0.11053959E+01 -0.63940192E+01
  0.11105110E+01 -0.63903772E+01
  0.11156262E+01 -0.63868153E+01
  0.11207413E+01 -0.63833331E+01
  0.11258564E+01 -0.63799304E+01
  0.11309716E+01 -0.63766067E+01
  0.11360867E+01 -0.63733615E+01
  0.11412019E+01 -0.63701945E+01
  0.11463170E+01 -0.63671051E+01
  0.11514321E+01 -0.63640928E+01
  0.11565473E+01 -0.63611570E+01
  0.11616624E+01 -0.63582973E+01
  0.11667775E+01 -0.63555130E+01
  0.11718927E+01 -0.63528035E+01
  0.11770078E+01 -0.63501683E+01
  0.11821230E+01 -0.63476067E+01
  0.11872381E+01 -0.63451180E+01
  0.11923532E+01 -0.63427018E+01
  0.11974684E+01 -0.63403572E+01
  0.12025835E+01 -0.63380837E+01
  0.12076986E+01 -0.63358806E+01
  0.12128138E+01 -0.63337472E+01
  0.12179289E+01 -0.63316829E+01
  0.12230441E+01 -0.63296871E+01
  0.12281592E+01 -0.63277590E+01
  0.12332743E+01 -0.63258980E+01
  0.12383895E+01 -0.63241035E+01
  0.12435046E+01 -0.63223749E+01
  0.12486197E+01 -0.63207115E+01
  0.12537349E+01 -0.63191127E+01
  0.12588500E+01 -0.63175779E+01
  0.12639651E+01 -0.63161064E+01
  0.12690803E+01 -0.63146978E+01
  0.12741954E+01 -0.63133513E+01
  0.12793106E+01 -0.63120666E+01
  0.12844257E+01 -0.63108430E+01
  0.12895408E+01 -0.63096800E+01
  0.12946560E+01 -0.63085771E+01
  0.12997711E+01 -0.63075338E+01
  0.13048862E+01 -0.63065497E+01
  0.13100014E+01 -0.63056243E+01
  0.13151165E+01 -0.63047572E+01
  0.13202317E+01 -0.63039480E+01
  0.13253468E+01 -0.63031963E+01
  0.13304619E+01 -0.63025017E+01
  0.13355771E+01 -0.63018639E+01
  0.13406922E+01 -0.63012827E+01
  0.13458073E+01 -0.63007577E+01
  0.13509225E+01 -0.63002887E+01
  0.13560376E+01 -0.62998754E+01
  0.13611528E+01 -0.62995177E+01
  0.13662679E+01 -0.62992155E+01
  0.13713830E+01 -0.62989687E+01
  0.13764982E+01 -0.62987776E+01
  0.13816133E+01 -0.62986436E+01
  0.13867284E+01 -0.62985753E+01
  0.13918436E+01 -0.62985652E+01
  
  0.00000000E+00 -0.62985101E+01
  0.50948241E-02 -0.62985367E+01
  0.10189648E-01 -0.62985409E+01
  0.15284472E-01 -0.62985115E+01
  0.20379296E-01 -0.62984696E+01
  0.25474120E-01 -0.62984151E+01
  0.30568944E-01 -0.62983473E+01
  0.35663768E-01 -0.62982657E+01
  0.40758593E-01 -0.62981695E+01
  0.45853417E-01 -0.62980579E+01
  0.50948241E-01 -0.62979300E+01
  0.56043065E-01 -0.62977847E+01
  0.61137889E-01 -0.62976210E+01
  0.66232713E-01 -0.62974377E+01
  0.71327537E-01 -0.62972336E+01
  0.76422361E-01 -0.62970073E+01
  0.81517185E-01 -0.62967576E+01
  0.86612009E-01 -0.62964831E+01
  0.91706833E-01 -0.62961823E+01
  0.96801657E-01 -0.62958538E+01
  0.10189648E+00 -0.62954963E+01
  0.10699131E+00 -0.62951083E+01
  0.11208613E+00 -0.62946884E+01
  0.11718095E+00 -0.62942352E+01
  0.12227578E+00 -0.62937475E+01
  0.12737060E+00 -0.62932238E+01
  0.13246543E+00 -0.62926630E+01
  0.13756025E+00 -0.62920639E+01
  0.14265507E+00 -0.62914254E+01
  0.14774990E+00 -0.62907465E+01
  0.15284472E+00 -0.62900263E+01
  0.15793955E+00 -0.62892640E+01
  0.16303437E+00 -0.62884589E+01
  0.16812919E+00 -0.62876105E+01
  0.17322402E+00 -0.62867182E+01
  0.17831884E+00 -0.62857819E+01
  0.18341367E+00 -0.62848012E+01
  0.18850849E+00 -0.62837763E+01
  0.19360331E+00 -0.62827071E+01
  0.19869814E+00 -0.62815940E+01
  0.20379296E+00 -0.62804374E+01
  0.20888779E+00 -0.62792378E+01
  0.21398261E+00 -0.62779959E+01
  0.21907743E+00 -0.62767127E+01
  0.22417226E+00 -0.62753890E+01
  0.22926708E+00 -0.62740262E+01
  0.23436191E+00 -0.62726253E+01
  0.23945673E+00 -0.62711880E+01
  0.24455156E+00 -0.62697158E+01
  0.24964638E+00 -0.62682103E+01
  0.25474120E+00 -0.62666735E+01
  0.25983603E+00 -0.62651072E+01
  0.26493085E+00 -0.62635135E+01
  0.27002568E+00 -0.62618947E+01
  0.27512050E+00 -0.62602529E+01
  0.28021532E+00 -0.62585906E+01
  0.28531015E+00 -0.62569101E+01
  0.29040497E+00 -0.62552140E+01
  0.29549980E+00 -0.62535050E+01
  0.30059462E+00 -0.62517855E+01
  0.30568944E+00 -0.62500585E+01
  0.31078427E+00 -0.62483266E+01
  0.31587909E+00 -0.62465926E+01
  0.32097392E+00 -0.62448593E+01
  0.32606874E+00 -0.62431296E+01
  0.33116356E+00 -0.62414063E+01
  0.33625839E+00 -0.62396923E+01
  0.34135321E+00 -0.62379905E+01
  0.34644804E+00 -0.62363037E+01
  0.35154286E+00 -0.62346348E+01
  0.35663768E+00 -0.62329866E+01
  0.36173251E+00 -0.62313618E+01
  0.36682733E+00 -0.62297632E+01
  0.37192216E+00 -0.62281936E+01
  0.37701698E+00 -0.62266556E+01
  0.38211180E+00 -0.62251518E+01
  0.38720663E+00 -0.62236848E+01
  0.39230145E+00 -0.62222571E+01
  0.39739628E+00 -0.62208711E+01
  0.40249110E+00 -0.62195292E+01
  0.40758593E+00 -0.62182336E+01
  0.41268075E+00 -0.62169866E+01
  0.41777557E+00 -0.62157903E+01
  0.42287040E+00 -0.62146466E+01
  0.42796522E+00 -0.62135576E+01
  0.43306005E+00 -0.62125251E+01
  0.43815487E+00 -0.62115508E+01
  0.44324969E+00 -0.62106364E+01
  0.44834452E+00 -0.62097834E+01
  0.45343934E+00 -0.62089932E+01
  0.45853417E+00 -0.62082672E+01
  0.46362899E+00 -0.62076067E+01
  0.46872381E+00 -0.62070127E+01
  0.47381864E+00 -0.62064861E+01
  0.47891346E+00 -0.62060280E+01
  0.48400829E+00 -0.62056391E+01
  0.48910311E+00 -0.62053200E+01
  0.49419793E+00 -0.62050712E+01
  0.49929276E+00 -0.62048932E+01
  0.50438758E+00 -0.62047863E+01
  0.50948241E+00 -0.62047507E+01
  0.51455345E+00 -0.62045965E+01
  0.51962449E+00 -0.62041362E+01
  0.52469553E+00 -0.62033760E+01
  0.52976657E+00 -0.62023261E+01
  0.53483761E+00 -0.62010000E+01
  0.53990865E+00 -0.61994139E+01
  0.54497970E+00 -0.61975862E+01
  0.55005074E+00 -0.61955368E+01
  0.55512178E+00 -0.61932862E+01
  0.56019282E+00 -0.61908554E+01
  0.56526386E+00 -0.61882651E+01
  0.57033490E+00 -0.61855355E+01
  0.57540594E+00 -0.61826860E+01
  0.58047698E+00 -0.61797351E+01
  0.58554803E+00 -0.61767001E+01
  0.59061907E+00 -0.61735972E+01
  0.59569011E+00 -0.61704416E+01
  0.60076115E+00 -0.61672471E+01
  0.60583219E+00 -0.61640268E+01
  0.61090323E+00 -0.61607923E+01
  0.61597427E+00 -0.61575548E+01
  0.62104531E+00 -0.61543241E+01
  0.62611636E+00 -0.61511096E+01
  0.63118740E+00 -0.61479196E+01
  0.63625844E+00 -0.61447619E+01
  0.64132948E+00 -0.61416438E+01
  0.64640052E+00 -0.61385717E+01
  0.65147156E+00 -0.61355518E+01
  0.65654260E+00 -0.61325897E+01
  0.66161364E+00 -0.61296905E+01
  0.66668469E+00 -0.61268590E+01
  0.67175573E+00 -0.61240997E+01
  0.67682677E+00 -0.61214166E+01
  0.68189781E+00 -0.61188135E+01
  0.68696885E+00 -0.61162940E+01
  0.69203989E+00 -0.61138612E+01
  0.69711093E+00 -0.61115183E+01
  0.70218197E+00 -0.61092680E+01
  0.70725302E+00 -0.61071130E+01
  0.71232406E+00 -0.61050556E+01
  0.71739510E+00 -0.61030980E+01
  0.72246614E+00 -0.61012424E+01
  0.72753718E+00 -0.60994906E+01
  0.73260822E+00 -0.60978444E+01
  0.73767926E+00 -0.60963053E+01
  0.74275031E+00 -0.60948748E+01
  0.74782135E+00 -0.60935543E+01
  0.75289239E+00 -0.60923449E+01
  0.75796343E+00 -0.60912477E+01
  0.76303447E+00 -0.60902636E+01
  0.76810551E+00 -0.60893934E+01
  0.77317655E+00 -0.60886379E+01
  0.77824759E+00 -0.60879976E+01
  0.78331864E+00 -0.60874731E+01
  0.78838968E+00 -0.60870646E+01
  0.79346072E+00 -0.60867724E+01
  0.79853176E+00 -0.60865967E+01
  0.80360280E+00 -0.60865375E+01
  0.80871794E+00 -0.60865980E+01
  0.81383307E+00 -0.60867769E+01
  0.81894821E+00 -0.60870737E+01
  0.82406335E+00 -0.60874880E+01
  0.82917849E+00 -0.60880194E+01
  0.83429362E+00 -0.60886673E+01
  0.83940876E+00 -0.60894307E+01
  0.84452390E+00 -0.60903090E+01
  0.84963904E+00 -0.60913011E+01
  0.85475417E+00 -0.60924060E+01
  0.85986931E+00 -0.60936225E+01
  0.86498445E+00 -0.60949492E+01
  0.87009958E+00 -0.60963848E+01
  0.87521472E+00 -0.60979277E+01
  0.88032986E+00 -0.60995762E+01
  0.88544500E+00 -0.61013287E+01
  0.89056013E+00 -0.61031832E+01
  0.89567527E+00 -0.61051378E+01
  0.90079041E+00 -0.61071903E+01
  0.90590554E+00 -0.61093385E+01
  0.91102068E+00 -0.61115801E+01
  0.91613582E+00 -0.61139126E+01
  0.92125096E+00 -0.61163334E+01
  0.92636609E+00 -0.61188400E+01
  0.93148123E+00 -0.61214293E+01
  0.93659637E+00 -0.61240986E+01
  0.94171151E+00 -0.61268449E+01
  0.94682664E+00 -0.61296649E+01
  0.95194178E+00 -0.61325554E+01
  0.95705692E+00 -0.61355132E+01
  0.96217205E+00 -0.61385346E+01
  0.96728719E+00 -0.61416162E+01
  0.97240233E+00 -0.61447542E+01
  0.97751747E+00 -0.61479450E+01
  0.98263260E+00 -0.61511846E+01
  0.98774774E+00 -0.61544691E+01
  0.99286288E+00 -0.61577945E+01
  0.99797801E+00 -0.61611566E+01
  0.10030932E+01 -0.61645513E+01
  0.10082083E+01 -0.61679743E+01
  0.10133234E+01 -0.61714213E+01
  0.10184386E+01 -0.61748879E+01
  0.10235537E+01 -0.61783697E+01
  0.10286688E+01 -0.61818622E+01
  0.10337840E+01 -0.61853610E+01
  0.10388991E+01 -0.61888615E+01
  0.10440142E+01 -0.61923592E+01
  0.10491294E+01 -0.61958495E+01
  0.10542445E+01 -0.61993280E+01
  0.10593597E+01 -0.62027902E+01
  0.10644748E+01 -0.62062315E+01
  0.10695899E+01 -0.62096477E+01
  0.10747051E+01 -0.62130343E+01
  0.10798202E+01 -0.62163870E+01
  0.10849353E+01 -0.62197017E+01
  0.10900505E+01 -0.62229742E+01
  0.10951656E+01 -0.62262006E+01
  0.11002808E+01 -0.62293770E+01
  0.11053959E+01 -0.62324997E+01
  0.11105110E+01 -0.62355651E+01
  0.11156262E+01 -0.62385698E+01
  0.11207413E+01 -0.62415105E+01
  0.11258564E+01 -0.62443843E+01
  0.11309716E+01 -0.62471883E+01
  0.11360867E+01 -0.62499199E+01
  0.11412019E+01 -0.62525767E+01
  0.11463170E+01 -0.62551564E+01
  0.11514321E+01 -0.62576572E+01
  0.11565473E+01 -0.62600775E+01
  0.11616624E+01 -0.62624156E+01
  0.11667775E+01 -0.62646705E+01
  0.11718927E+01 -0.62668413E+01
  0.11770078E+01 -0.62689272E+01
  0.11821230E+01 -0.62709279E+01
  0.11872381E+01 -0.62728432E+01
  0.11923532E+01 -0.62746731E+01
  0.11974684E+01 -0.62764182E+01
  0.12025835E+01 -0.62780788E+01
  0.12076986E+01 -0.62796559E+01
  0.12128138E+01 -0.62811506E+01
  0.12179289E+01 -0.62825640E+01
  0.12230441E+01 -0.62838977E+01
  0.12281592E+01 -0.62851533E+01
  0.12332743E+01 -0.62863328E+01
  0.12383895E+01 -0.62874380E+01
  0.12435046E+01 -0.62884712E+01
  0.12486197E+01 -0.62894346E+01
  0.12537349E+01 -0.62903308E+01
  0.12588500E+01 -0.62911622E+01
  0.12639651E+01 -0.62919315E+01
  0.12690803E+01 -0.62926413E+01
  0.12741954E+01 -0.62932945E+01
  0.12793106E+01 -0.62938937E+01
  0.12844257E+01 -0.62944418E+01
  0.12895408E+01 -0.62949416E+01
  0.12946560E+01 -0.62953960E+01
  0.12997711E+01 -0.62958076E+01
  0.13048862E+01 -0.62961792E+01
  0.13100014E+01 -0.62965134E+01
  0.13151165E+01 -0.62968130E+01
  0.13202317E+01 -0.62970804E+01
  0.13253468E+01 -0.62973179E+01
  0.13304619E+01 -0.62975280E+01
  0.13355771E+01 -0.62977127E+01
  0.13406922E+01 -0.62978742E+01
  0.13458073E+01 -0.62980142E+01
  0.13509225E+01 -0.62981347E+01
  0.13560376E+01 -0.62982371E+01
  0.13611528E+01 -0.62983229E+01
  0.13662679E+01 -0.62983932E+01
  0.13713830E+01 -0.62984490E+01
  0.13764982E+01 -0.62984907E+01
  0.13816133E+01 -0.62985176E+01
  0.13867284E+01 -0.62985215E+01
  0.13918436E+01 -0.62985101E+01
  
  0.00000000E+00 -0.39953874E+01
  0.50948241E-02 -0.39954590E+01
  0.10189648E-01 -0.39957471E+01
  0.15284472E-01 -0.39962287E+01
  0.20379296E-01 -0.39969021E+01
  0.25474120E-01 -0.39977658E+01
  0.30568944E-01 -0.39988183E+01
  0.35663768E-01 -0.40000578E+01
  0.40758593E-01 -0.40014823E+01
  0.45853417E-01 -0.40030893E+01
  0.50948241E-01 -0.40048764E+01
  0.56043065E-01 -0.40068408E+01
  0.61137889E-01 -0.40089796E+01
  0.66232713E-01 -0.40112899E+01
  0.71327537E-01 -0.40137685E+01
  0.76422361E-01 -0.40164122E+01
  0.81517185E-01 -0.40192177E+01
  0.86612009E-01 -0.40221818E+01
  0.91706833E-01 -0.40253010E+01
  0.96801657E-01 -0.40285720E+01
  0.10189648E+00 -0.40319914E+01
  0.10699131E+00 -0.40355557E+01
  0.11208613E+00 -0.40392615E+01
  0.11718095E+00 -0.40431051E+01
  0.12227578E+00 -0.40470829E+01
  0.12737060E+00 -0.40511913E+01
  0.13246543E+00 -0.40554265E+01
  0.13756025E+00 -0.40597845E+01
  0.14265507E+00 -0.40642613E+01
  0.14774990E+00 -0.40688527E+01
  0.15284472E+00 -0.40735542E+01
  0.15793955E+00 -0.40783614E+01
  0.16303437E+00 -0.40832695E+01
  0.16812919E+00 -0.40882735E+01
  0.17322402E+00 -0.40933683E+01
  0.17831884E+00 -0.40985484E+01
  0.18341367E+00 -0.41038084E+01
  0.18850849E+00 -0.41091425E+01
  0.19360331E+00 -0.41145448E+01
  0.19869814E+00 -0.41200092E+01
  0.20379296E+00 -0.41255296E+01
  0.20888779E+00 -0.41310996E+01
  0.21398261E+00 -0.41367130E+01
  0.21907743E+00 -0.41423633E+01
  0.22417226E+00 -0.41480442E+01
  0.22926708E+00 -0.41537493E+01
  0.23436191E+00 -0.41594723E+01
  0.23945673E+00 -0.41652069E+01
  0.24455156E+00 -0.41709471E+01
  0.24964638E+00 -0.41766869E+01
  0.25474120E+00 -0.41824203E+01
  0.25983603E+00 -0.41881418E+01
  0.26493085E+00 -0.41938458E+01
  0.27002568E+00 -0.41995270E+01
  0.27512050E+00 -0.42051802E+01
  0.28021532E+00 -0.42108003E+01
  0.28531015E+00 -0.42163825E+01
  0.29040497E+00 -0.42219220E+01
  0.29549980E+00 -0.42274144E+01
  0.30059462E+00 -0.42328549E+01
  0.30568944E+00 -0.42382392E+01
  0.31078427E+00 -0.42435630E+01
  0.31587909E+00 -0.42488217E+01
  0.32097392E+00 -0.42540112E+01
  0.32606874E+00 -0.42591271E+01
  0.33116356E+00 -0.42641650E+01
  0.33625839E+00 -0.42691206E+01
  0.34135321E+00 -0.42739894E+01
  0.34644804E+00 -0.42787670E+01
  0.35154286E+00 -0.42834488E+01
  0.35663768E+00 -0.42880304E+01
  0.36173251E+00 -0.42925072E+01
  0.36682733E+00 -0.42968747E+01
  0.37192216E+00 -0.43011284E+01
  0.37701698E+00 -0.43052637E+01
  0.38211180E+00 -0.43092763E+01
  0.38720663E+00 -0.43131619E+01
  0.39230145E+00 -0.43169163E+01
  0.39739628E+00 -0.43205354E+01
  0.40249110E+00 -0.43240153E+01
  0.40758593E+00 -0.43273525E+01
  0.41268075E+00 -0.43305434E+01
  0.41777557E+00 -0.43335849E+01
  0.42287040E+00 -0.43364741E+01
  0.42796522E+00 -0.43392082E+01
  0.43306005E+00 -0.43417849E+01
  0.43815487E+00 -0.43442022E+01
  0.44324969E+00 -0.43464580E+01
  0.44834452E+00 -0.43485510E+01
  0.45343934E+00 -0.43504797E+01
  0.45853417E+00 -0.43522430E+01
  0.46362899E+00 -0.43538401E+01
  0.46872381E+00 -0.43552703E+01
  0.47381864E+00 -0.43565330E+01
  0.47891346E+00 -0.43576278E+01
  0.48400829E+00 -0.43585546E+01
  0.48910311E+00 -0.43593129E+01
  0.49419793E+00 -0.43599029E+01
  0.49929276E+00 -0.43603243E+01
  0.50438758E+00 -0.43605772E+01
  0.50948241E+00 -0.43606615E+01
  0.51455345E+00 -0.43608763E+01
  0.51962449E+00 -0.43615182E+01
  0.52469553E+00 -0.43625794E+01
  0.52976657E+00 -0.43640472E+01
  0.53483761E+00 -0.43659049E+01
  0.53990865E+00 -0.43681319E+01
  0.54497970E+00 -0.43707048E+01
  0.55005074E+00 -0.43735982E+01
  0.55512178E+00 -0.43767851E+01
  0.56019282E+00 -0.43802381E+01
  0.56526386E+00 -0.43839296E+01
  0.57033490E+00 -0.43878325E+01
  0.57540594E+00 -0.43919207E+01
  0.58047698E+00 -0.43961692E+01
  0.58554803E+00 -0.44005543E+01
  0.59061907E+00 -0.44050538E+01
  0.59569011E+00 -0.44096474E+01
  0.60076115E+00 -0.44143157E+01
  0.60583219E+00 -0.44190413E+01
  0.61090323E+00 -0.44238078E+01
  0.61597427E+00 -0.44286004E+01
  0.62104531E+00 -0.44334052E+01
  0.62611636E+00 -0.44382093E+01
  0.63118740E+00 -0.44430008E+01
  0.63625844E+00 -0.44477686E+01
  0.64132948E+00 -0.44525020E+01
  0.64640052E+00 -0.44571911E+01
  0.65147156E+00 -0.44618263E+01
  0.65654260E+00 -0.44663985E+01
  0.66161364E+00 -0.44708990E+01
  0.66668469E+00 -0.44753191E+01
  0.67175573E+00 -0.44796506E+01
  0.67682677E+00 -0.44838854E+01
  0.68189781E+00 -0.44880158E+01
  0.68696885E+00 -0.44920342E+01
  0.69203989E+00 -0.44959332E+01
  0.69711093E+00 -0.44997057E+01
  0.70218197E+00 -0.45033450E+01
  0.70725302E+00 -0.45068444E+01
  0.71232406E+00 -0.45101979E+01
  0.71739510E+00 -0.45133995E+01
  0.72246614E+00 -0.45164438E+01
  0.72753718E+00 -0.45193256E+01
  0.73260822E+00 -0.45220403E+01
  0.73767926E+00 -0.45245835E+01
  0.74275031E+00 -0.45269514E+01
  0.74782135E+00 -0.45291405E+01
  0.75289239E+00 -0.45311478E+01
  0.75796343E+00 -0.45329705E+01
  0.76303447E+00 -0.45346063E+01
  0.76810551E+00 -0.45360534E+01
  0.77317655E+00 -0.45373099E+01
  0.77824759E+00 -0.45383747E+01
  0.78331864E+00 -0.45392465E+01
  0.78838968E+00 -0.45399246E+01
  0.79346072E+00 -0.45404082E+01
  0.79853176E+00 -0.45406968E+01
  0.80360280E+00 -0.45407901E+01
  0.80871794E+00 -0.45406830E+01
  0.81383307E+00 -0.45403801E+01
  0.81894821E+00 -0.45398812E+01
  0.82406335E+00 -0.45391860E+01
  0.82917849E+00 -0.45382942E+01
  0.83429362E+00 -0.45372058E+01
  0.83940876E+00 -0.45359202E+01
  0.84452390E+00 -0.45344375E+01
  0.84963904E+00 -0.45327572E+01
  0.85475417E+00 -0.45308794E+01
  0.85986931E+00 -0.45288041E+01
  0.86498445E+00 -0.45265312E+01
  0.87009958E+00 -0.45240612E+01
  0.87521472E+00 -0.45213944E+01
  0.88032986E+00 -0.45185316E+01
  0.88544500E+00 -0.45154737E+01
  0.89056013E+00 -0.45122218E+01
  0.89567527E+00 -0.45087776E+01
  0.90079041E+00 -0.45051427E+01
  0.90590554E+00 -0.45013193E+01
  0.91102068E+00 -0.44973097E+01
  0.91613582E+00 -0.44931169E+01
  0.92125096E+00 -0.44887438E+01
  0.92636609E+00 -0.44841938E+01
  0.93148123E+00 -0.44794706E+01
  0.93659637E+00 -0.44745783E+01
  0.94171151E+00 -0.44695210E+01
  0.94682664E+00 -0.44643033E+01
  0.95194178E+00 -0.44589298E+01
  0.95705692E+00 -0.44534055E+01
  0.96217205E+00 -0.44477355E+01
  0.96728719E+00 -0.44419250E+01
  0.97240233E+00 -0.44359792E+01
  0.97751747E+00 -0.44299037E+01
  0.98263260E+00 -0.44237040E+01
  0.98774774E+00 -0.44173854E+01
  0.99286288E+00 -0.44109536E+01
  0.99797801E+00 -0.44044140E+01
  0.10030932E+01 -0.43977723E+01
  0.10082083E+01 -0.43910339E+01
  0.10133234E+01 -0.43842044E+01
  0.10184386E+01 -0.43772890E+01
  0.10235537E+01 -0.43702934E+01
  0.10286688E+01 -0.43632229E+01
  0.10337840E+01 -0.43560829E+01
  0.10388991E+01 -0.43488788E+01
  0.10440142E+01 -0.43416160E+01
  0.10491294E+01 -0.43343000E+01
  0.10542445E+01 -0.43269362E+01
  0.10593597E+01 -0.43195301E+01
  0.10644748E+01 -0.43120872E+01
  0.10695899E+01 -0.43046132E+01
  0.10747051E+01 -0.42971136E+01
  0.10798202E+01 -0.42895943E+01
  0.10849353E+01 -0.42820609E+01
  0.10900505E+01 -0.42745192E+01
  0.10951656E+01 -0.42669752E+01
  0.11002808E+01 -0.42594347E+01
  0.11053959E+01 -0.42519036E+01
  0.11105110E+01 -0.42443880E+01
  0.11156262E+01 -0.42368938E+01
  0.11207413E+01 -0.42294271E+01
  0.11258564E+01 -0.42219937E+01
  0.11309716E+01 -0.42145997E+01
  0.11360867E+01 -0.42072511E+01
  0.11412019E+01 -0.41999538E+01
  0.11463170E+01 -0.41927135E+01
  0.11514321E+01 -0.41855362E+01
  0.11565473E+01 -0.41784276E+01
  0.11616624E+01 -0.41713933E+01
  0.11667775E+01 -0.41644389E+01
  0.11718927E+01 -0.41575697E+01
  0.11770078E+01 -0.41507912E+01
  0.11821230E+01 -0.41441083E+01
  0.11872381E+01 -0.41375263E+01
  0.11923532E+01 -0.41310498E+01
  0.11974684E+01 -0.41246836E+01
  0.12025835E+01 -0.41184322E+01
  0.12076986E+01 -0.41122998E+01
  0.12128138E+01 -0.41062906E+01
  0.12179289E+01 -0.41004086E+01
  0.12230441E+01 -0.40946574E+01
  0.12281592E+01 -0.40890406E+01
  0.12332743E+01 -0.40835616E+01
  0.12383895E+01 -0.40782236E+01
  0.12435046E+01 -0.40730297E+01
  0.12486197E+01 -0.40679827E+01
  0.12537349E+01 -0.40630855E+01
  0.12588500E+01 -0.40583406E+01
  0.12639651E+01 -0.40537507E+01
  0.12690803E+01 -0.40493182E+01
  0.12741954E+01 -0.40450455E+01
  0.12793106E+01 -0.40409349E+01
  0.12844257E+01 -0.40369885E+01
  0.12895408E+01 -0.40332087E+01
  0.12946560E+01 -0.40295975E+01
  0.12997711E+01 -0.40261571E+01
  0.13048862E+01 -0.40228894E+01
  0.13100014E+01 -0.40197964E+01
  0.13151165E+01 -0.40168801E+01
  0.13202317E+01 -0.40141424E+01
  0.13253468E+01 -0.40115849E+01
  0.13304619E+01 -0.40092094E+01
  0.13355771E+01 -0.40070176E+01
  0.13406922E+01 -0.40050110E+01
  0.13458073E+01 -0.40031909E+01
  0.13509225E+01 -0.40015588E+01
  0.13560376E+01 -0.40001158E+01
  0.13611528E+01 -0.39988630E+01
  0.13662679E+01 -0.39978013E+01
  0.13713830E+01 -0.39969316E+01
  0.13764982E+01 -0.39962544E+01
  0.13816133E+01 -0.39957705E+01
  0.13867284E+01 -0.39954806E+01
  0.13918436E+01 -0.39953874E+01
  
  0.00000000E+00 -0.39953545E+01
  0.50948241E-02 -0.39953679E+01
  0.10189648E-01 -0.39953347E+01
  0.15284472E-01 -0.39952772E+01
  0.20379296E-01 -0.39951965E+01
  0.25474120E-01 -0.39950925E+01
  0.30568944E-01 -0.39949654E+01
  0.35663768E-01 -0.39948150E+01
  0.40758593E-01 -0.39946412E+01
  0.45853417E-01 -0.39944442E+01
  0.50948241E-01 -0.39942237E+01
  0.56043065E-01 -0.39939798E+01
  0.61137889E-01 -0.39937124E+01
  0.66232713E-01 -0.39934215E+01
  0.71327537E-01 -0.39931070E+01
  0.76422361E-01 -0.39927691E+01
  0.81517185E-01 -0.39924076E+01
  0.86612009E-01 -0.39920227E+01
  0.91706833E-01 -0.39916143E+01
  0.96801657E-01 -0.39911827E+01
  0.10189648E+00 -0.39907279E+01
  0.10699131E+00 -0.39902500E+01
  0.11208613E+00 -0.39897493E+01
  0.11718095E+00 -0.39892260E+01
  0.12227578E+00 -0.39886801E+01
  0.12737060E+00 -0.39881121E+01
  0.13246543E+00 -0.39875222E+01
  0.13756025E+00 -0.39869107E+01
  0.14265507E+00 -0.39862779E+01
  0.14774990E+00 -0.39856241E+01
  0.15284472E+00 -0.39849497E+01
  0.15793955E+00 -0.39842550E+01
  0.16303437E+00 -0.39835405E+01
  0.16812919E+00 -0.39828064E+01
  0.17322402E+00 -0.39820531E+01
  0.17831884E+00 -0.39812810E+01
  0.18341367E+00 -0.39804904E+01
  0.18850849E+00 -0.39796817E+01
  0.19360331E+00 -0.39788552E+01
  0.19869814E+00 -0.39780113E+01
  0.20379296E+00 -0.39771503E+01
  0.20888779E+00 -0.39762724E+01
  0.21398261E+00 -0.39753781E+01
  0.21907743E+00 -0.39744676E+01
  0.22417226E+00 -0.39735413E+01
  0.22926708E+00 -0.39725995E+01
  0.23436191E+00 -0.39716425E+01
  0.23945673E+00 -0.39706707E+01
  0.24455156E+00 -0.39696845E+01
  0.24964638E+00 -0.39686843E+01
  0.25474120E+00 -0.39676705E+01
  0.25983603E+00 -0.39666437E+01
  0.26493085E+00 -0.39656044E+01
  0.27002568E+00 -0.39645531E+01
  0.27512050E+00 -0.39634906E+01
  0.28021532E+00 -0.39624176E+01
  0.28531015E+00 -0.39613349E+01
  0.29040497E+00 -0.39602433E+01
  0.29549980E+00 -0.39591438E+01
  0.30059462E+00 -0.39580374E+01
  0.30568944E+00 -0.39569253E+01
  0.31078427E+00 -0.39558086E+01
  0.31587909E+00 -0.39546886E+01
  0.32097392E+00 -0.39535668E+01
  0.32606874E+00 -0.39524446E+01
  0.33116356E+00 -0.39513234E+01
  0.33625839E+00 -0.39502050E+01
  0.34135321E+00 -0.39490909E+01
  0.34644804E+00 -0.39479831E+01
  0.35154286E+00 -0.39468831E+01
  0.35663768E+00 -0.39457931E+01
  0.36173251E+00 -0.39447147E+01
  0.36682733E+00 -0.39436501E+01
  0.37192216E+00 -0.39426011E+01
  0.37701698E+00 -0.39415698E+01
  0.38211180E+00 -0.39405582E+01
  0.38720663E+00 -0.39395682E+01
  0.39230145E+00 -0.39386018E+01
  0.39739628E+00 -0.39376610E+01
  0.40249110E+00 -0.39367477E+01
  0.40758593E+00 -0.39358638E+01
  0.41268075E+00 -0.39350111E+01
  0.41777557E+00 -0.39341914E+01
  0.42287040E+00 -0.39334063E+01
  0.42796522E+00 -0.39326574E+01
  0.43306005E+00 -0.39319464E+01
  0.43815487E+00 -0.39312746E+01
  0.44324969E+00 -0.39306434E+01
  0.44834452E+00 -0.39300540E+01
  0.45343934E+00 -0.39295076E+01
  0.45853417E+00 -0.39290053E+01
  0.46362899E+00 -0.39285480E+01
  0.46872381E+00 -0.39281365E+01
  0.47381864E+00 -0.39277717E+01
  0.47891346E+00 -0.39274542E+01
  0.48400829E+00 -0.39271846E+01
  0.48910311E+00 -0.39269634E+01
  0.49419793E+00 -0.39267909E+01
  0.49929276E+00 -0.39266675E+01
  0.50438758E+00 -0.39265934E+01
  0.50948241E+00 -0.39265687E+01
  0.51455345E+00 -0.39262279E+01
  0.51962449E+00 -0.39252082E+01
  0.52469553E+00 -0.39235179E+01
  0.52976657E+00 -0.39211703E+01
  0.53483761E+00 -0.39181832E+01
  0.53990865E+00 -0.39145782E+01
  0.54497970E+00 -0.39103801E+01
  0.55005074E+00 -0.39056158E+01
  0.55512178E+00 -0.39003134E+01
  0.56019282E+00 -0.38945018E+01
  0.56526386E+00 -0.38882097E+01
  0.57033490E+00 -0.38814652E+01
  0.57540594E+00 -0.38742952E+01
  0.58047698E+00 -0.38667249E+01
  0.58554803E+00 -0.38587780E+01
  0.59061907E+00 -0.38504762E+01
  0.59569011E+00 -0.38418391E+01
  0.60076115E+00 -0.38328845E+01
  0.60583219E+00 -0.38236281E+01
  0.61090323E+00 -0.38140840E+01
  0.61597427E+00 -0.38042644E+01
  0.62104531E+00 -0.37941801E+01
  0.62611636E+00 -0.37838409E+01
  0.63118740E+00 -0.37732550E+01
  0.63625844E+00 -0.37624303E+01
  0.64132948E+00 -0.37513736E+01
  0.64640052E+00 -0.37400915E+01
  0.65147156E+00 -0.37285902E+01
  0.65654260E+00 -0.37168760E+01
  0.66161364E+00 -0.37049549E+01
  0.66668469E+00 -0.36928336E+01
  0.67175573E+00 -0.36805185E+01
  0.67682677E+00 -0.36680169E+01
  0.68189781E+00 -0.36553362E+01
  0.68696885E+00 -0.36424843E+01
  0.69203989E+00 -0.36294695E+01
  0.69711093E+00 -0.36163005E+01
  0.70218197E+00 -0.36029865E+01
  0.70725302E+00 -0.35895366E+01
  0.71232406E+00 -0.35759603E+01
  0.71739510E+00 -0.35622670E+01
  0.72246614E+00 -0.35484659E+01
  0.72753718E+00 -0.35345662E+01
  0.73260822E+00 -0.35205763E+01
  0.73767926E+00 -0.35065044E+01
  0.74275031E+00 -0.34923577E+01
  0.74782135E+00 -0.34781428E+01
  0.75289239E+00 -0.34638652E+01
  0.75796343E+00 -0.34495293E+01
  0.76303447E+00 -0.34351387E+01
  0.76810551E+00 -0.34206953E+01
  0.77317655E+00 -0.34062001E+01
  0.77824759E+00 -0.33916529E+01
  0.78331864E+00 -0.33770522E+01
  0.78838968E+00 -0.33623954E+01
  0.79346072E+00 -0.33476788E+01
  0.79853176E+00 -0.33328981E+01
  0.80360280E+00 -0.33181599E+01
  0.80871794E+00 -0.33332024E+01
  0.81383307E+00 -0.33481486E+01
  0.81894821E+00 -0.33629920E+01
  0.82406335E+00 -0.33777282E+01
  0.82917849E+00 -0.33923526E+01
  0.83429362E+00 -0.34068606E+01
  0.83940876E+00 -0.34212476E+01
  0.84452390E+00 -0.34355089E+01
  0.84963904E+00 -0.34496397E+01
  0.85475417E+00 -0.34636349E+01
  0.85986931E+00 -0.34774896E+01
  0.86498445E+00 -0.34911986E+01
  0.87009958E+00 -0.35047565E+01
  0.87521472E+00 -0.35181581E+01
  0.88032986E+00 -0.35313978E+01
  0.88544500E+00 -0.35444703E+01
  0.89056013E+00 -0.35573702E+01
  0.89567527E+00 -0.35700921E+01
  0.90079041E+00 -0.35826307E+01
  0.90590554E+00 -0.35949810E+01
  0.91102068E+00 -0.36071380E+01
  0.91613582E+00 -0.36190973E+01
  0.92125096E+00 -0.36308543E+01
  0.92636609E+00 -0.36424051E+01
  0.93148123E+00 -0.36537461E+01
  0.93659637E+00 -0.36648740E+01
  0.94171151E+00 -0.36757860E+01
  0.94682664E+00 -0.36864797E+01
  0.95194178E+00 -0.36969531E+01
  0.95705692E+00 -0.37072048E+01
  0.96217205E+00 -0.37172339E+01
  0.96728719E+00 -0.37270396E+01
  0.97240233E+00 -0.37366219E+01
  0.97751747E+00 -0.37459810E+01
  0.98263260E+00 -0.37551177E+01
  0.98774774E+00 -0.37640330E+01
  0.99286288E+00 -0.37727282E+01
  0.99797801E+00 -0.37812050E+01
  0.10030932E+01 -0.37894653E+01
  0.10082083E+01 -0.37975112E+01
  0.10133234E+01 -0.38053451E+01
  0.10184386E+01 -0.38129694E+01
  0.10235537E+01 -0.38203867E+01
  0.10286688E+01 -0.38275995E+01
  0.10337840E+01 -0.38346106E+01
  0.10388991E+01 -0.38414227E+01
  0.10440142E+01 -0.38480383E+01
  0.10491294E+01 -0.38544601E+01
  0.10542445E+01 -0.38606908E+01
  0.10593597E+01 -0.38667329E+01
  0.10644748E+01 -0.38725888E+01
  0.10695899E+01 -0.38782611E+01
  0.10747051E+01 -0.38837521E+01
  0.10798202E+01 -0.38890642E+01
  0.10849353E+01 -0.38941997E+01
  0.10900505E+01 -0.38991611E+01
  0.10951656E+01 -0.39039506E+01
  0.11002808E+01 -0.39085706E+01
  0.11053959E+01 -0.39130237E+01
  0.11105110E+01 -0.39173122E+01
  0.11156262E+01 -0.39214389E+01
  0.11207413E+01 -0.39254063E+01
  0.11258564E+01 -0.39292174E+01
  0.11309716E+01 -0.39328751E+01
  0.11360867E+01 -0.39363823E+01
  0.11412019E+01 -0.39397424E+01
  0.11463170E+01 -0.39429586E+01
  0.11514321E+01 -0.39460345E+01
  0.11565473E+01 -0.39489735E+01
  0.11616624E+01 -0.39517793E+01
  0.11667775E+01 -0.39544558E+01
  0.11718927E+01 -0.39570068E+01
  0.11770078E+01 -0.39594363E+01
  0.11821230E+01 -0.39617481E+01
  0.11872381E+01 -0.39639463E+01
  0.11923532E+01 -0.39660350E+01
  0.11974684E+01 -0.39680180E+01
  0.12025835E+01 -0.39698995E+01
  0.12076986E+01 -0.39716832E+01
  0.12128138E+01 -0.39733731E+01
  0.12179289E+01 -0.39749730E+01
  0.12230441E+01 -0.39764866E+01
  0.12281592E+01 -0.39779173E+01
  0.12332743E+01 -0.39792688E+01
  0.12383895E+01 -0.39805443E+01
  0.12435046E+01 -0.39817471E+01
  0.12486197E+01 -0.39828802E+01
  0.12537349E+01 -0.39839466E+01
  0.12588500E+01 -0.39849491E+01
  0.12639651E+01 -0.39858903E+01
  0.12690803E+01 -0.39867728E+01
  0.12741954E+01 -0.39875989E+01
  0.12793106E+01 -0.39883711E+01
  0.12844257E+01 -0.39890914E+01
  0.12895408E+01 -0.39897620E+01
  0.12946560E+01 -0.39903848E+01
  0.12997711E+01 -0.39909618E+01
  0.13048862E+01 -0.39914949E+01
  0.13100014E+01 -0.39919858E+01
  0.13151165E+01 -0.39924363E+01
  0.13202317E+01 -0.39928481E+01
  0.13253468E+01 -0.39932229E+01
  0.13304619E+01 -0.39935622E+01
  0.13355771E+01 -0.39938677E+01
  0.13406922E+01 -0.39941408E+01
  0.13458073E+01 -0.39943829E+01
  0.13509225E+01 -0.39945954E+01
  0.13560376E+01 -0.39947797E+01
  0.13611528E+01 -0.39949368E+01
  0.13662679E+01 -0.39950679E+01
  0.13713830E+01 -0.39951738E+01
  0.13764982E+01 -0.39952553E+01
  0.13816133E+01 -0.39953129E+01
  0.13867284E+01 -0.39953467E+01
  0.13918436E+01 -0.39953545E+01
  
  0.00000000E+00 -0.11366468E+01
  0.50948241E-02 -0.11375429E+01
  0.10189648E-01 -0.11402715E+01
  0.15284472E-01 -0.11447985E+01
  0.20379296E-01 -0.11510932E+01
  0.25474120E-01 -0.11591129E+01
  0.30568944E-01 -0.11688041E+01
  0.35663768E-01 -0.11801029E+01
  0.40758593E-01 -0.11929358E+01
  0.45853417E-01 -0.12072210E+01
  0.50948241E-01 -0.12228695E+01
  0.56043065E-01 -0.12397860E+01
  0.61137889E-01 -0.12578705E+01
  0.66232713E-01 -0.12770194E+01
  0.71327537E-01 -0.12971269E+01
  0.76422361E-01 -0.13180863E+01
  0.81517185E-01 -0.13397912E+01
  0.86612009E-01 -0.13621370E+01
  0.91706833E-01 -0.13850215E+01
  0.96801657E-01 -0.14083465E+01
  0.10189648E+00 -0.14320186E+01
  0.10699131E+00 -0.14559497E+01
  0.11208613E+00 -0.14800583E+01
  0.11718095E+00 -0.15042696E+01
  0.12227578E+00 -0.15285160E+01
  0.12737060E+00 -0.15527376E+01
  0.13246543E+00 -0.15768820E+01
  0.13756025E+00 -0.16009046E+01
  0.14265507E+00 -0.16247683E+01
  0.14774990E+00 -0.16484433E+01
  0.15284472E+00 -0.16719069E+01
  0.15793955E+00 -0.16951424E+01
  0.16303437E+00 -0.17181394E+01
  0.16812919E+00 -0.17408926E+01
  0.17322402E+00 -0.17634014E+01
  0.17831884E+00 -0.17856690E+01
  0.18341367E+00 -0.18077019E+01
  0.18850849E+00 -0.18295089E+01
  0.19360331E+00 -0.18511005E+01
  0.19869814E+00 -0.18724885E+01
  0.20379296E+00 -0.18936847E+01
  0.20888779E+00 -0.19147010E+01
  0.21398261E+00 -0.19355484E+01
  0.21907743E+00 -0.19562367E+01
  0.22417226E+00 -0.19767740E+01
  0.22926708E+00 -0.19971666E+01
  0.23436191E+00 -0.20174186E+01
  0.23945673E+00 -0.20375315E+01
  0.24455156E+00 -0.20575048E+01
  0.24964638E+00 -0.20773352E+01
  0.25474120E+00 -0.20970171E+01
  0.25983603E+00 -0.21165429E+01
  0.26493085E+00 -0.21359025E+01
  0.27002568E+00 -0.21550843E+01
  0.27512050E+00 -0.21740748E+01
  0.28021532E+00 -0.21928595E+01
  0.28531015E+00 -0.22114225E+01
  0.29040497E+00 -0.22297474E+01
  0.29549980E+00 -0.22478173E+01
  0.30059462E+00 -0.22656153E+01
  0.30568944E+00 -0.22831245E+01
  0.31078427E+00 -0.23003286E+01
  0.31587909E+00 -0.23172118E+01
  0.32097392E+00 -0.23337591E+01
  0.32606874E+00 -0.23499568E+01
  0.33116356E+00 -0.23657920E+01
  0.33625839E+00 -0.23812531E+01
  0.34135321E+00 -0.23963301E+01
  0.34644804E+00 -0.24110137E+01
  0.35154286E+00 -0.24252964E+01
  0.35663768E+00 -0.24391714E+01
  0.36173251E+00 -0.24526335E+01
  0.36682733E+00 -0.24656781E+01
  0.37192216E+00 -0.24783016E+01
  0.37701698E+00 -0.24905012E+01
  0.38211180E+00 -0.25022746E+01
  0.38720663E+00 -0.25136201E+01
  0.39230145E+00 -0.25245361E+01
  0.39739628E+00 -0.25350211E+01
  0.40249110E+00 -0.25450738E+01
  0.40758593E+00 -0.25546927E+01
  0.41268075E+00 -0.25638761E+01
  0.41777557E+00 -0.25726220E+01
  0.42287040E+00 -0.25809281E+01
  0.42796522E+00 -0.25887917E+01
  0.43306005E+00 -0.25962096E+01
  0.43815487E+00 -0.26031784E+01
  0.44324969E+00 -0.26096943E+01
  0.44834452E+00 -0.26157530E+01
  0.45343934E+00 -0.26213501E+01
  0.45853417E+00 -0.26264811E+01
  0.46362899E+00 -0.26311413E+01
  0.46872381E+00 -0.26353260E+01
  0.47381864E+00 -0.26390309E+01
  0.47891346E+00 -0.26422515E+01
  0.48400829E+00 -0.26449840E+01
  0.48910311E+00 -0.26472248E+01
  0.49419793E+00 -0.26489710E+01
  0.49929276E+00 -0.26502200E+01
  0.50438758E+00 -0.26509701E+01
  0.50948241E+00 -0.26512203E+01
  0.51455345E+00 -0.26515263E+01
  0.51962449E+00 -0.26524437E+01
  0.52469553E+00 -0.26539706E+01
  0.52976657E+00 -0.26561036E+01
  0.53483761E+00 -0.26588384E+01
  0.53990865E+00 -0.26621692E+01
  0.54497970E+00 -0.26660893E+01
  0.55005074E+00 -0.26705908E+01
  0.55512178E+00 -0.26756646E+01
  0.56019282E+00 -0.26813011E+01
  0.56526386E+00 -0.26874894E+01
  0.57033490E+00 -0.26942182E+01
  0.57540594E+00 -0.27014751E+01
  0.58047698E+00 -0.27092473E+01
  0.58554803E+00 -0.27175214E+01
  0.59061907E+00 -0.27262835E+01
  0.59569011E+00 -0.27355190E+01
  0.60076115E+00 -0.27452131E+01
  0.60583219E+00 -0.27553506E+01
  0.61090323E+00 -0.27659157E+01
  0.61597427E+00 -0.27768924E+01
  0.62104531E+00 -0.27882646E+01
  0.62611636E+00 -0.28000154E+01
  0.63118740E+00 -0.28121279E+01
  0.63625844E+00 -0.28245850E+01
  0.64132948E+00 -0.28373692E+01
  0.64640052E+00 -0.28504627E+01
  0.65147156E+00 -0.28638477E+01
  0.65654260E+00 -0.28775059E+01
  0.66161364E+00 -0.28914192E+01
  0.66668469E+00 -0.29055691E+01
  0.67175573E+00 -0.29199373E+01
  0.67682677E+00 -0.29345053E+01
  0.68189781E+00 -0.29492547E+01
  0.68696885E+00 -0.29641675E+01
  0.69203989E+00 -0.29792256E+01
  0.69711093E+00 -0.29944112E+01
  0.70218197E+00 -0.30097072E+01
  0.70725302E+00 -0.30250965E+01
  0.71232406E+00 -0.30405629E+01
  0.71739510E+00 -0.30560906E+01
  0.72246614E+00 -0.30716645E+01
  0.72753718E+00 -0.30872702E+01
  0.73260822E+00 -0.31028941E+01
  0.73767926E+00 -0.31185234E+01
  0.74275031E+00 -0.31341463E+01
  0.74782135E+00 -0.31497516E+01
  0.75289239E+00 -0.31653291E+01
  0.75796343E+00 -0.31808696E+01
  0.76303447E+00 -0.31963644E+01
  0.76810551E+00 -0.32118060E+01
  0.77317655E+00 -0.32271875E+01
  0.77824759E+00 -0.32425026E+01
  0.78331864E+00 -0.32577460E+01
  0.78838968E+00 -0.32729126E+01
  0.79346072E+00 -0.32879981E+01
  0.79853176E+00 -0.33029982E+01
  0.80360280E+00 -0.33177974E+01
  0.80871794E+00 -0.33026690E+01
  0.81383307E+00 -0.32874546E+01
  0.81894821E+00 -0.32721500E+01
  0.82406335E+00 -0.32567489E+01
  0.82917849E+00 -0.32412453E+01
  0.83429362E+00 -0.32256334E+01
  0.83940876E+00 -0.32099079E+01
  0.84452390E+00 -0.31940642E+01
  0.84963904E+00 -0.31780985E+01
  0.85475417E+00 -0.31620079E+01
  0.85986931E+00 -0.31457906E+01
  0.86498445E+00 -0.31294460E+01
  0.87009958E+00 -0.31129746E+01
  0.87521472E+00 -0.30963784E+01
  0.88032986E+00 -0.30796602E+01
  0.88544500E+00 -0.30628244E+01
  0.89056013E+00 -0.30458762E+01
  0.89567527E+00 -0.30288218E+01
  0.90079041E+00 -0.30116683E+01
  0.90590554E+00 -0.29944234E+01
  0.91102068E+00 -0.29770950E+01
  0.91613582E+00 -0.29596916E+01
  0.92125096E+00 -0.29422212E+01
  0.92636609E+00 -0.29246919E+01
  0.93148123E+00 -0.29071109E+01
  0.93659637E+00 -0.28894847E+01
  0.94171151E+00 -0.28718190E+01
  0.94682664E+00 -0.28541180E+01
  0.95194178E+00 -0.28363845E+01
  0.95705692E+00 -0.28186198E+01
  0.96217205E+00 -0.28008234E+01
  0.96728719E+00 -0.27829932E+01
  0.97240233E+00 -0.27651251E+01
  0.97751747E+00 -0.27472134E+01
  0.98263260E+00 -0.27292505E+01
  0.98774774E+00 -0.27112274E+01
  0.99286288E+00 -0.26931335E+01
  0.99797801E+00 -0.26749570E+01
  0.10030932E+01 -0.26566853E+01
  0.10082083E+01 -0.26383048E+01
  0.10133234E+01 -0.26198018E+01
  0.10184386E+01 -0.26011623E+01
  0.10235537E+01 -0.25823728E+01
  0.10286688E+01 -0.25634203E+01
  0.10337840E+01 -0.25442929E+01
  0.10388991E+01 -0.25249798E+01
  0.10440142E+01 -0.25054721E+01
  0.10491294E+01 -0.24857625E+01
  0.10542445E+01 -0.24658462E+01
  0.10593597E+01 -0.24457203E+01
  0.10644748E+01 -0.24253846E+01
  0.10695899E+01 -0.24048412E+01
  0.10747051E+01 -0.23840951E+01
  0.10798202E+01 -0.23631533E+01
  0.10849353E+01 -0.23420254E+01
  0.10900505E+01 -0.23207231E+01
  0.10951656E+01 -0.22992599E+01
  0.11002808E+01 -0.22776508E+01
  0.11053959E+01 -0.22559123E+01
  0.11105110E+01 -0.22340614E+01
  0.11156262E+01 -0.22121155E+01
  0.11207413E+01 -0.21900920E+01
  0.11258564E+01 -0.21680077E+01
  0.11309716E+01 -0.21458781E+01
  0.11360867E+01 -0.21237176E+01
  0.11412019E+01 -0.21015383E+01
  0.11463170E+01 -0.20793502E+01
  0.11514321E+01 -0.20571607E+01
  0.11565473E+01 -0.20349742E+01
  0.11616624E+01 -0.20127920E+01
  0.11667775E+01 -0.19906125E+01
  0.11718927E+01 -0.19684308E+01
  0.11770078E+01 -0.19462388E+01
  0.11821230E+01 -0.19240258E+01
  0.11872381E+01 -0.19017785E+01
  0.11923532E+01 -0.18794815E+01
  0.11974684E+01 -0.18571179E+01
  0.12025835E+01 -0.18346696E+01
  0.12076986E+01 -0.18121182E+01
  0.12128138E+01 -0.17894458E+01
  0.12179289E+01 -0.17666357E+01
  0.12230441E+01 -0.17436733E+01
  0.12281592E+01 -0.17205465E+01
  0.12332743E+01 -0.16972475E+01
  0.12383895E+01 -0.16737728E+01
  0.12435046E+01 -0.16501241E+01
  0.12486197E+01 -0.16263096E+01
  0.12537349E+01 -0.16023440E+01
  0.12588500E+01 -0.15782495E+01
  0.12639651E+01 -0.15540560E+01
  0.12690803E+01 -0.15298018E+01
  0.12741954E+01 -0.15055333E+01
  0.12793106E+01 -0.14813055E+01
  0.12844257E+01 -0.14571814E+01
  0.12895408E+01 -0.14332324E+01
  0.12946560E+01 -0.14095372E+01
  0.12997711E+01 -0.13861819E+01
  0.13048862E+01 -0.13632584E+01
  0.13100014E+01 -0.13408645E+01
  0.13151165E+01 -0.13191021E+01
  0.13202317E+01 -0.12980765E+01
  0.13253468E+01 -0.12778949E+01
  0.13304619E+01 -0.12586657E+01
  0.13355771E+01 -0.12404962E+01
  0.13406922E+01 -0.12234920E+01
  0.13458073E+01 -0.12077554E+01
  0.13509225E+01 -0.11933836E+01
  0.13560376E+01 -0.11804681E+01
  0.13611528E+01 -0.11690928E+01
  0.13662679E+01 -0.11593330E+01
  0.13713830E+01 -0.11512544E+01
  0.13764982E+01 -0.11449123E+01
  0.13816133E+01 -0.11403502E+01
  0.13867284E+01 -0.11375988E+01
  0.13918436E+01 -0.11366468E+01
  
  0.00000000E+00 -0.11366206E+01
  0.50948241E-02 -0.11365603E+01
  0.10189648E-01 -0.11363329E+01
  0.15284472E-01 -0.11359533E+01
  0.20379296E-01 -0.11354212E+01
  0.25474120E-01 -0.11347361E+01
  0.30568944E-01 -0.11338973E+01
  0.35663768E-01 -0.11329041E+01
  0.40758593E-01 -0.11317558E+01
  0.45853417E-01 -0.11304518E+01
  0.50948241E-01 -0.11289917E+01
  0.56043065E-01 -0.11273752E+01
  0.61137889E-01 -0.11256024E+01
  0.66232713E-01 -0.11236738E+01
  0.71327537E-01 -0.11215902E+01
  0.76422361E-01 -0.11193529E+01
  0.81517185E-01 -0.11169638E+01
  0.86612009E-01 -0.11144253E+01
  0.91706833E-01 -0.11117403E+01
  0.96801657E-01 -0.11089125E+01
  0.10189648E+00 -0.11059459E+01
  0.10699131E+00 -0.11028453E+01
  0.11208613E+00 -0.10996158E+01
  0.11718095E+00 -0.10962632E+01
  0.12227578E+00 -0.10927936E+01
  0.12737060E+00 -0.10892134E+01
  0.13246543E+00 -0.10855294E+01
  0.13756025E+00 -0.10817486E+01
  0.14265507E+00 -0.10778780E+01
  0.14774990E+00 -0.10739246E+01
  0.15284472E+00 -0.10698956E+01
  0.15793955E+00 -0.10657977E+01
  0.16303437E+00 -0.10616376E+01
  0.16812919E+00 -0.10574216E+01
  0.17322402E+00 -0.10531558E+01
  0.17831884E+00 -0.10488457E+01
  0.18341367E+00 -0.10444964E+01
  0.18850849E+00 -0.10401126E+01
  0.19360331E+00 -0.10356984E+01
  0.19869814E+00 -0.10312575E+01
  0.20379296E+00 -0.10267932E+01
  0.20888779E+00 -0.10223083E+01
  0.21398261E+00 -0.10178050E+01
  0.21907743E+00 -0.10132855E+01
  0.22417226E+00 -0.10087514E+01
  0.22926708E+00 -0.10042044E+01
  0.23436191E+00 -0.99964589E+00
  0.23945673E+00 -0.99507714E+00
  0.24455156E+00 -0.99049951E+00
  0.24964638E+00 -0.98591446E+00
  0.25474120E+00 -0.98132359E+00
  0.25983603E+00 -0.97672875E+00
  0.26493085E+00 -0.97213206E+00
  0.27002568E+00 -0.96753601E+00
  0.27512050E+00 -0.96294347E+00
  0.28021532E+00 -0.95835772E+00
  0.28531015E+00 -0.95378251E+00
  0.29040497E+00 -0.94922200E+00
  0.29549980E+00 -0.94468083E+00
  0.30059462E+00 -0.94016405E+00
  0.30568944E+00 -0.93567709E+00
  0.31078427E+00 -0.93122578E+00
  0.31587909E+00 -0.92681624E+00
  0.32097392E+00 -0.92245485E+00
  0.32606874E+00 -0.91814817E+00
  0.33116356E+00 -0.91390291E+00
  0.33625839E+00 -0.90972582E+00
  0.34135321E+00 -0.90562364E+00
  0.34644804E+00 -0.90160300E+00
  0.35154286E+00 -0.89767038E+00
  0.35663768E+00 -0.89383205E+00
  0.36173251E+00 -0.89009396E+00
  0.36682733E+00 -0.88646171E+00
  0.37192216E+00 -0.88294053E+00
  0.37701698E+00 -0.87953517E+00
  0.38211180E+00 -0.87624995E+00
  0.38720663E+00 -0.87308865E+00
  0.39230145E+00 -0.87005456E+00
  0.39739628E+00 -0.86715044E+00
  0.40249110E+00 -0.86437854E+00
  0.40758593E+00 -0.86174060E+00
  0.41268075E+00 -0.85923788E+00
  0.41777557E+00 -0.85687115E+00
  0.42287040E+00 -0.85464079E+00
  0.42796522E+00 -0.85254676E+00
  0.43306005E+00 -0.85058868E+00
  0.43815487E+00 -0.84876586E+00
  0.44324969E+00 -0.84707735E+00
  0.44834452E+00 -0.84552200E+00
  0.45343934E+00 -0.84409851E+00
  0.45853417E+00 -0.84280545E+00
  0.46362899E+00 -0.84164134E+00
  0.46872381E+00 -0.84060469E+00
  0.47381864E+00 -0.83969403E+00
  0.47891346E+00 -0.83890797E+00
  0.48400829E+00 -0.83824522E+00
  0.48910311E+00 -0.83770463E+00
  0.49419793E+00 -0.83728524E+00
  0.49929276E+00 -0.83698625E+00
  0.50438758E+00 -0.83680709E+00
  0.50948241E+00 -0.83674741E+00
  0.51455345E+00 -0.83660039E+00
  0.51962449E+00 -0.83616017E+00
  0.52469553E+00 -0.83542921E+00
  0.52976657E+00 -0.83441157E+00
  0.53483761E+00 -0.83311288E+00
  0.53990865E+00 -0.83154022E+00
  0.54497970E+00 -0.82970202E+00
  0.55005074E+00 -0.82760799E+00
  0.55512178E+00 -0.82526895E+00
  0.56019282E+00 -0.82269670E+00
  0.56526386E+00 -0.81990390E+00
  0.57033490E+00 -0.81690390E+00
  0.57540594E+00 -0.81371061E+00
  0.58047698E+00 -0.81033838E+00
  0.58554803E+00 -0.80680183E+00
  0.59061907E+00 -0.80311576E+00
  0.59569011E+00 -0.79929504E+00
  0.60076115E+00 -0.79535449E+00
  0.60583219E+00 -0.79130884E+00
  0.61090323E+00 -0.78717261E+00
  0.61597427E+00 -0.78296008E+00
  0.62104531E+00 -0.77868528E+00
  0.62611636E+00 -0.77436188E+00
  0.63118740E+00 -0.77000325E+00
  0.63625844E+00 -0.76562242E+00
  0.64132948E+00 -0.76123204E+00
  0.64640052E+00 -0.75684446E+00
  0.65147156E+00 -0.75247167E+00
  0.65654260E+00 -0.74812533E+00
  0.66161364E+00 -0.74381681E+00
  0.66668469E+00 -0.73955716E+00
  0.67175573E+00 -0.73535714E+00
  0.67682677E+00 -0.73122722E+00
  0.68189781E+00 -0.72717758E+00
  0.68696885E+00 -0.72321812E+00
  0.69203989E+00 -0.71935844E+00
  0.69711093E+00 -0.71560783E+00
  0.70218197E+00 -0.71197528E+00
  0.70725302E+00 -0.70846942E+00
  0.71232406E+00 -0.70509852E+00
  0.71739510E+00 -0.70187049E+00
  0.72246614E+00 -0.69879279E+00
  0.72753718E+00 -0.69587247E+00
  0.73260822E+00 -0.69311610E+00
  0.73767926E+00 -0.69052975E+00
  0.74275031E+00 -0.68811898E+00
  0.74782135E+00 -0.68588882E+00
  0.75289239E+00 -0.68384373E+00
  0.75796343E+00 -0.68198759E+00
  0.76303447E+00 -0.68032374E+00
  0.76810551E+00 -0.67885491E+00
  0.77317655E+00 -0.67758328E+00
  0.77824759E+00 -0.67651046E+00
  0.78331864E+00 -0.67563752E+00
  0.78838968E+00 -0.67496501E+00
  0.79346072E+00 -0.67449299E+00
  0.79853176E+00 -0.67422108E+00
  0.80360280E+00 -0.67414845E+00
  0.80871794E+00 -0.67425336E+00
  0.81383307E+00 -0.67455611E+00
  0.81894821E+00 -0.67505545E+00
  0.82406335E+00 -0.67574988E+00
  0.82917849E+00 -0.67663772E+00
  0.83429362E+00 -0.67771713E+00
  0.83940876E+00 -0.67898611E+00
  0.84452390E+00 -0.68044255E+00
  0.84963904E+00 -0.68208423E+00
  0.85475417E+00 -0.68390883E+00
  0.85986931E+00 -0.68591399E+00
  0.86498445E+00 -0.68809725E+00
  0.87009958E+00 -0.69045609E+00
  0.87521472E+00 -0.69298793E+00
  0.88032986E+00 -0.69569012E+00
  0.88544500E+00 -0.69855995E+00
  0.89056013E+00 -0.70159461E+00
  0.89567527E+00 -0.70479123E+00
  0.90079041E+00 -0.70814679E+00
  0.90590554E+00 -0.71165821E+00
  0.91102068E+00 -0.71532225E+00
  0.91613582E+00 -0.71913552E+00
  0.92125096E+00 -0.72309452E+00
  0.92636609E+00 -0.72719554E+00
  0.93148123E+00 -0.73143472E+00
  0.93659637E+00 -0.73580802E+00
  0.94171151E+00 -0.74031123E+00
  0.94682664E+00 -0.74493994E+00
  0.95194178E+00 -0.74968956E+00
  0.95705692E+00 -0.75455535E+00
  0.96217205E+00 -0.75953241E+00
  0.96728719E+00 -0.76461567E+00
  0.97240233E+00 -0.76979998E+00
  0.97751747E+00 -0.77508006E+00
  0.98263260E+00 -0.78045055E+00
  0.98774774E+00 -0.78590606E+00
  0.99286288E+00 -0.79144117E+00
  0.99797801E+00 -0.79705047E+00
  0.10030932E+01 -0.80272859E+00
  0.10082083E+01 -0.80847022E+00
  0.10133234E+01 -0.81427015E+00
  0.10184386E+01 -0.82012330E+00
  0.10235537E+01 -0.82602473E+00
  0.10286688E+01 -0.83196964E+00
  0.10337840E+01 -0.83795344E+00
  0.10388991E+01 -0.84397172E+00
  0.10440142E+01 -0.85002024E+00
  0.10491294E+01 -0.85609500E+00
  0.10542445E+01 -0.86219217E+00
  0.10593597E+01 -0.86830811E+00
  0.10644748E+01 -0.87443938E+00
  0.10695899E+01 -0.88058267E+00
  0.10747051E+01 -0.88673484E+00
  0.10798202E+01 -0.89289286E+00
  0.10849353E+01 -0.89905380E+00
  0.10900505E+01 -0.90521479E+00
  0.10951656E+01 -0.91137302E+00
  0.11002808E+01 -0.91752567E+00
  0.11053959E+01 -0.92366991E+00
  0.11105110E+01 -0.92980286E+00
  0.11156262E+01 -0.93592154E+00
  0.11207413E+01 -0.94202290E+00
  0.11258564E+01 -0.94810373E+00
  0.11309716E+01 -0.95416069E+00
  0.11360867E+01 -0.96019026E+00
  0.11412019E+01 -0.96618873E+00
  0.11463170E+01 -0.97215222E+00
  0.11514321E+01 -0.97807663E+00
  0.11565473E+01 -0.98395769E+00
  0.11616624E+01 -0.98979094E+00
  0.11667775E+01 -0.99557174E+00
  0.11718927E+01 -0.10012953E+01
  0.11770078E+01 -0.10069566E+01
  0.11821230E+01 -0.10125508E+01
  0.11872381E+01 -0.10180726E+01
  0.11923532E+01 -0.10235168E+01
  0.11974684E+01 -0.10288783E+01
  0.12025835E+01 -0.10341519E+01
  0.12076986E+01 -0.10393324E+01
  0.12128138E+01 -0.10444148E+01
  0.12179289E+01 -0.10493942E+01
  0.12230441E+01 -0.10542657E+01
  0.12281592E+01 -0.10590248E+01
  0.12332743E+01 -0.10636669E+01
  0.12383895E+01 -0.10681880E+01
  0.12435046E+01 -0.10725840E+01
  0.12486197E+01 -0.10768512E+01
  0.12537349E+01 -0.10809861E+01
  0.12588500E+01 -0.10849856E+01
  0.12639651E+01 -0.10888467E+01
  0.12690803E+01 -0.10925668E+01
  0.12741954E+01 -0.10961436E+01
  0.12793106E+01 -0.10995749E+01
  0.12844257E+01 -0.11028590E+01
  0.12895408E+01 -0.11059942E+01
  0.12946560E+01 -0.11089791E+01
  0.12997711E+01 -0.11118127E+01
  0.13048862E+01 -0.11144941E+01
  0.13100014E+01 -0.11170226E+01
  0.13151165E+01 -0.11193976E+01
  0.13202317E+01 -0.11216188E+01
  0.13253468E+01 -0.11236860E+01
  0.13304619E+01 -0.11255990E+01
  0.13355771E+01 -0.11273579E+01
  0.13406922E+01 -0.11289627E+01
  0.13458073E+01 -0.11304137E+01
  0.13509225E+01 -0.11317110E+01
  0.13560376E+01 -0.11328549E+01
  0.13611528E+01 -0.11338456E+01
  0.13662679E+01 -0.11346834E+01
  0.13713830E+01 -0.11353685E+01
  0.13764982E+01 -0.11359012E+01
  0.13816133E+01 -0.11362818E+01
  0.13867284E+01 -0.11365114E+01
  0.13918436E+01 -0.11366206E+01
  
